787
869
246
763
790
379
978
84
35
552
248
776
540
551
669
846
619
953
22
140
810
650
981
236
886
267
132
196
429
672
627
454
337
674
772
25
389
555
152
691
302
653
910
361
561
146
737
515
482
847
396
93
610
538
709
705
286
501
267
929
25
309
514
915
222
336
824
607
464
288
746
150
351
589
584
613
360
454
717
875
461
84
754
580
150
153
67
983
935
269
873
570
538
903
450
868
962
961
169
459
603
478
574
13
126
949
955
676
951
254
198
684
884
329
70
970
348
619
460
136
113
867
33
172
375
530
18
107
419
355
819
374
618
281
694
471
375
178
926
63
991
718
927
336
318
707
240
392
19
122
148
493
848
511
162
618
469
507
206
335
667
682
705
915
466
415
403
58
606
215
1000
454
355
398
110
258
957
676
496
420
117
552
109
121
473
969
738
910
890
496
204
920
396
258
921
185
752
98
811
981
181
221
221
705
814
494
276
767
966
142
274
782
543
627
157
52
827
817
801
647
527
72
103
13
491
116
879
465
366
821
814
557
963
148
414
453
133
988
866
854
21
647
354
481
698
818
921
155
77
614
359
230
241
908
655
947
385
195
964
446
813
296
406
5
955
694
115
349
608
526
399
212
466
944
899
8
86
770
28
812
701
231
591
928
230
633
780
30
307
913
703
63
827
459
840
40
895
48
801
528
392
783
431
999
584
626
860
309
337
730
64
303
902
120
258
355
389
663
875
315
867
376
436
633
318
834
312
326
923
514
732
853
719
240
378
420
893
746
149
150
283
977
317
410
633
187
907
415
31
123
495
268
272
913
723
934
568
142
60
249
753
473
547
54
376
352
57
871
455
798
881
223
467
75
450
568
707
646
772
754
234
532
576
478
187
929
542
345
235
372
214
281
500
971
26
820
734
283
701
953
289
632
784
414
629
447
989
994
626
802
698
355
619
158
352
467
142
864
141
235
296
410
513
66
38
592
536
386
292
580
91
321
455
124
838
839
101
541
150
354
83
1
825
932
829
441
950
602
525
465
206
926
395
799
733
88
922
461
580
751
295
186
848
200
578
955
772
565
241
292
306
661
22
290
818
353
51
103
685
704
262
444
10
745
690
243
221
88
342
975
786
345
778
109
983
720
984
111
858
267
46
838
572
123
577
6
325
536
976
72
389
68
801
878
686
723
709
942
11
397
6
134
135
310
812
298
905
561
479
160
22
832
591
867
802
477
389
874
107
575
292
97
561
109
19
654
381
825
521
510
843
689
375
474
507
352
510
501
706
161
79
533
237
734
522
292
234
285
54
647
266
375
850
416
611
164
162
124
862
493
378
584
467
161
548
126
564
547
984
552
787
238
826
989
889
485
404
879
847
493
689
387
963
11
603
491
331
624
261
851
883
690
271
818
766
120
847
26
253
638
585
752
638
654
601
143
173
318
393
820
19
166
416
737
990
528
659
407
824
937
433
208
988
912
140
491
360
290
35
711
977
447
856
384
426
963
670
657
149
874
242
907
623
92
434
45
721
437
275
937
792
111
901
116
648
691
261
71
541
790
186
747
727
133
87
390
949
161
70
282
651
702
417
146
468
786
604
273
416
906
440
261
315
484
832
523
595
634
150
462
321
25
831
993
530
559
584
684
329
593
48
206
1000
194
911
674
454
25
616
601
729
423
352
108
946
461
419
53
626
122
232
714
432
173
755
421
537
923
515
888
147
410
140
713
452
708
672
711
101
914
294
3
762
875
489
450
260
596
496
193
889
640
489
530
766
312
412
298
815
520
312
517
69
173
136
260
158
96
745
555
857
558
981
541
372
223
846
561
685
398
139
831
493
389
42
66
336
670
667
575
367
772
12
383
446
679
404
513
723
789
42
201
177
831
611
854
471
377
518
910
679
5
361
364
788
374
758
336
463
443
948
314
198
736
919
174
449
149
727
775
342
666
641
113
292
871
466
540
67
96
790
480
665
94
822
228
454
550
481
464
810
443
510
88
752
629
673
484
411
965
189
480
437
215
809
833
983
17
617
132
870
512
607
34
184
535
425
989
815
70
189
537
207
953
881
99
95
603
17
432
980
11
590
457
577
708
855
449
471
182
77
770
807
598
415
14
975
329
362
335
956
976
604
274
689
671
238
415
807
717
899
548
6
923
784
929
542
448
49
230
163
391
953
646
555
187
60
34
361
975
223
453
198
569
671
684
757
559
120
510
94
463
993
497
411
757
291
179
113
685
57
380
837
439
3
939
534
900
488
283
705
787
465
586
430
490
970
468
755
644
