2283
9938
4492
4460
2680
2332
2219
2334
2693
4074
7643
1044
9548
6893
5231
7794
8726
9168
843
1554
8685
8766
9541
9568
3136
6328
9370
4947
2999
5179
7524
8313
8660
678
8912
227
8332
862
5842
3491
1886
2369
2613
4125
1568
5803
3702
1130
687
2120
6231
4764
846
8367
3164
1500
529
4647
3094
9615
5600
5958
2973
3231
8567
1882
7823
9092
9228
1479
705
1847
813
4757
8098
1481
5510
5267
543
8972
912
9410
3347
4753
2434
5626
6811
7986
4034
5649
1568
1256
4206
8567
8472
155
2032
1836
8192
3449
9501
3885
4821
4730
1593
4037
8844
1773
5350
4730
8701
2566
595
6345
1817
1022
210
1024
9841
4872
8584
7531
8060
4725
3857
2194
2612
8774
4138
7802
2371
3086
9790
6387
6409
6693
5335
4631
2881
5855
3556
7959
7178
9769
6154
4100
360
4011
8572
2993
7636
5579
6015
1752
1135
4322
8109
6488
5199
2101
946
5450
8985
1688
6060
5623
6696
1382
1204
848
927
7505
9667
3920
4378
9876
6087
7734
2154
7081
4632
3774
7153
2245
1002
8338
5641
8448
7001
3712
1375
7776
8075
2760
8653
7481
4745
1289
876
9988
7834
3817
9939
7772
9275
6472
4607
2647
6110
7760
8510
6369
1300
2295
5963
2702
9509
1422
2987
1294
8718
2626
5156
1785
2042
1658
1271
5946
5149
5610
2053
7786
222
1419
7392
9884
2501
4886
96
6311
3322
4231
9780
6020
33
7414
2710
4190
2898
9917
6130
1025
7250
7712
2030
9002
7601
7390
8843
798
51
3237
1743
9791
5556
6183
4482
9794
9404
7470
9774
1232
4067
6632
8987
3707
6239
4056
5108
2250
337
9800
5381
269
1371
7838
5438
8160
4803
9063
1029
1916
5236
6939
9590
4039
2914
6922
15
2370
1397
9047
145
1992
9839
3288
6493
4497
1812
8175
1051
951
7828
1333
5985
6507
6707
2682
9588
4806
9687
2061
7820
1673
1888
643
2027
628
5869
279
9475
1766
6603
7547
3547
2935
6452
585
3240
7261
299
6455
4030
5525
3548
458
3722
8387
742
1965
8358
5222
9804
3742
4818
445
682
6220
8939
7776
6919
7811
8838
3678
5506
9095
1944
5812
6956
8164
6964
5818
2032
1999
4621
4757
438
119
9466
2732
6148
9674
4882
3803
3258
6799
4028
99
18
6895
8487
803
5091
1214
4360
3777
2
1074
7976
1181
114
9377
3630
1380
5112
8647
9941
2232
3778
6782
4613
7198
6184
3223
1255
3432
9719
3049
8768
615
8460
2128
8080
1598
5745
1656
720
338
6149
4093
660
2629
2374
5896
6917
99
274
3547
8428
9215
763
211
6747
1033
4991
6906
5282
5105
2823
541
618
9845
9185
7093
3215
6425
3096
6804
7305
4082
3843
9959
2113
4542
4936
963
4771
5748
8412
578
5084
3841
9493
6385
6393
8995
3618
6451
9047
8280
2548
7925
7901
543
4500
2785
1201
4290
2115
2929
2630
7077
2922
3623
4521
1862
1004
4976
8913
3281
9160
547
3298
3988
9068
5129
4745
4160
4059
6865
6560
6258
7002
2765
1015
3863
4331
4025
1756
2050
1702
7604
2812
836
3747
6967
9401
9887
7337
5647
7696
6320
1975
9696
8826
3548
1685
3310
9757
6508
4632
3929
3262
4830
4379
2315
7780
5638
92
8780
4254
3421
2890
5805
5411
613
3258
5975
578
8495
4736
6151
476
8969
5710
889
4043
2428
9505
3870
4435
3182
7793
1222
4383
7122
4674
2223
7905
4906
7288
9091
5196
9125
1217
9468
8569
3582
2082
9783
7285
3857
4033
1962
5962
5621
5894
4470
405
3169
9018
3873
8954
9035
8139
6038
8705
7653
1226
5894
5336
129
7038
9945
663
6188
5096
2575
1797
3939
6561
1175
2841
2915
4976
3011
4319
1311
6540
9832
9714
1846
2773
4204
2508
8540
7526
8998
3321
4258
4304
887
5274
1632
991
7501
131
2901
6793
9920
3723
4978
5756
6845
3958
2162
6393
5277
3468
694
8059
8835
2133
8744
8044
2433
8551
3491
7000
5152
6552
660
6564
2196
9422
8411
854
9725
3181
2817
452
1205
5344
7774
148
7143
5436
4935
284
4307
9851
6901
5360
6304
2707
3229
1037
6608
9206
6613
2170
7988
4285
4591
7126
1515
9052
4868
9700
5892
2349
6885
5401
8971
4503
2785
3475
2446
9489
7564
1695
9443
4899
2256
7242
8068
110
3349
6921
9002
944
9770
289
9832
9527
867
5879
7311
9645
6180
9408
9028
9080
7988
6024
2828
221
8921
2406
880
9095
117
8427
4503
5572
1745
3169
3149
5764
3680
6038
851
6906
8853
9771
3328
155
861
9653
3491
3378
9203
9857
4835
686
7839
8148
187
3801
8097
5760
3121
245
5213
3838
1814
8125
203
9465
44
4726
1293
8742
4845
4167
6053
9208
3625
7860
5902
4886
5309
2829
7845
2041
2374
4711
4146
7618
6820
3386
1394
4846
6989
6614
272
6528
9434
165
5838
3201
540
1836
2675
819
5144
5372
265
1079
1187
9011
7705
3291
892
8918
7309
2082
6018
6771
3800
8636
6192
237
7536
857
6185
5559
2190
3367
1589
7741
9027
401
7101
8513
5172
4047
6847
8448
4354
2781
3487
3672
2357
1939
2688
2433
3839
7730
3615
1519
2371
6502
6765
9072
9587
3064
8767
4825
1452
984
6090
4135
5019
9881
3030
3448
2018
644
8493
2604
741
6141
7303
1658
6869
4921
7290
8546
4974
7548
3960
3671
8224
8328
9048
3631
1101
3888
1430
8761
9331
9006
1568
9404
1499
5644
2673
7785
2936
4358
8423
2542
217
9453
5526
6078
7705
6651
9576
1886
8745
3546
452
3697
4692
2688
2117
2812
2666
3451
6737
2424
8713
241
6287
1875
2912
6850
1373
9429
8434
8982
3715
9605
6292
4897
9902
7267
778
7885
7377
8119
5841
8992
255
2975
5038
6968
6093
1396
6100
9593
7819
9083
152
1254
39
74
6785
4752
6734
1945
6679
6205
4457
6020
8833
2036
871
9198
1387
4880
3635
7035
8848
1365
3145
5029
9429
3623
97
7548
1614
6388
9016
8806
6474
375
8724
8584
7799
7827
4724
8561
4444
2807
3762
5516
2438
6553
5492
6959
1763
5769
4909
8885
109
2782
9653
1067
4779
4917
4295
3205
3522
1571
3067
3908
7005
4541
2960
9355
1460
7184
9314
9144
4523
947
3631
596
8989
6930
7401
2711
326
393
6411
1954
6484
5373
4939
456
7744
2596
6001
810
3329
519
1737
4366
9683
2710
9394
7066
2885
3172
5295
5520
1257
1196
2331
1347
403
5168
2073
735
6184
683
6495
7348
7478
5055
7064
80
1175
9000
5840
7618
7594
7656
2576
899
4041
6399
11
5051
4175
5688
1349
7043
3304
9858
9339
6057
1761
4841
2444
6075
6643
869
7518
8445
5279
7965
4504
481
5299
9072
9675
7628
9134
1690
4149
8551
9903
4477
5386
9734
1823
8319
5224
4423
5670
7964
6047
6516
305
935
6026
1
2193
9597
3393
9755
2980
3814
9057
456
5094
282
7080
1147
9849
1019
5230
5198
184
5856
5706
1019
6921
3536
4114
550
8421
1821
2669
3729
8835
5553
9791
6343
9666
5971
7259
163
9060
828
5005
2430
4366
5056
502
8572
1601
1624
6413
941
8465
344
386
6367
5167
7850
7654
5036
6772
7767
5108
2738
4060
7811
1984
9106
4385
6909
9809
2367
3181
8847
5414
1255
5903
7294
5991
5045
7498
8418
7056
5406
4031
5558
9471
8433
9793
768
6768
6291
3049
9708
9835
7289
8704
2597
7386
363
6256
6567
7467
9639
8069
9671
7271
6490
3706
1288
7499
5347
472
450
6602
8920
9811
9258
7065
6283
4090
3969
4129
3906
8177
742
1616
1923
8936
5653
5005
6307
1038
1166
1681
7923
540
2556
69
1258
8301
9549
9477
2633
4482
9594
3210
2628
5374
7736
2627
7831
4728
6168
4624
4008
18
7544
9665
1810
8246
268
3168
1937
7339
6255
1118
8669
7376
79
7341
3062
7906
7638
2435
6260
5683
4338
3933
5196
4099
9016
8856
4872
3013
8474
959
2258
3240
8107
9389
7353
4957
8346
105
7149
7223
5418
9673
4178
1565
6711
1729
4847
2077
1933
3809
958
8287
462
2133
1778
9234
2538
5739
7490
1057
1432
9458
2256
4363
8173
9484
1177
226
5353
9121
2919
7957
5683
7962
1045
5927
7105
674
4944
7328
2442
5980
1820
1295
8751
9875
3770
1056
9205
4951
6994
8951
7651
8469
2
7486
9332
8315
453
6959
8130
81
4479
2817
8345
8276
6237
1985
4792
4301
790
7802
9755
5811
9014
8661
4025
1985
9129
5442
5979
9583
6526
2781
8717
8627
751
2705
118
1623
5634
4899
4236
588
8780
2513
719
9344
3042
2968
877
7781
9492
7571
3089
5008
1959
7398
6250
6249
9618
5562
3454
2031
9986
4526
5535
6731
3152
1749
6816
3309
6672
7603
2223
517
5219
5007
7666
4372
1362
9400
8317
1750
3016
1567
6600
4752
9210
4951
7694
7648
3628
2482
8660
1287
386
3971
8367
7325
1641
6253
3668
2352
4715
9699
7500
2267
3070
4707
9027
9369
731
7523
890
7187
9082
9213
7527
5220
3674
2655
9969
2094
7803
6373
8527
6402
3136
7068
1633
2748
5330
6859
8780
2426
1672
6184
5253
5475
9285
6733
2313
1480
3099
667
5087
701
9445
4379
541
911
6053
9475
8343
3356
2013
4549
9611
8816
9420
8887
9577
848
4638
9082
9077
8988
7612
5911
3939
8847
9979
5721
6370
6029
2840
5793
6010
1289
8281
155
621
7644
7366
2951
442
1751
9225
7228
3241
6420
2911
2525
5314
4811
1918
4663
7304
3218
7556
2793
2162
2473
4386
2582
2794
7575
6423
9075
4677
1557
2680
2098
6160
1931
9259
7467
7196
9660
3574
9907
4983
9748
8056
8642
1131
8114
5060
8847
6750
2014
5264
9440
1865
9802
1894
6842
8610
2868
699
5582
8699
6141
3431
7982
4478
216
8855
5693
9198
1141
7851
9431
4994
4016
1620
9963
5656
8453
7374
1828
2300
3091
8998
801
1883
9573
8229
280
5926
6021
3093
4372
8794
2075
8738
1207
9933
3950
4028
1666
8052
5082
3915
1613
1183
1485
9304
1134
7694
4813
3171
9046
5999
3205
5804
6165
1612
8319
6338
1008
3993
1436
8570
2705
6642
5887
1208
6617
6723
7690
1347
1523
7135
8547
8796
4375
5484
6111
1987
3598
926
990
6744
6876
7412
928
2179
2870
7944
6233
6865
9337
2192
1595
6775
5670
5345
220
4936
1391
9236
6873
6516
3898
2395
3459
3203
8125
2293
7921
4799
2684
8339
5847
5929
4941
520
1210
9383
7126
169
9105
398
2156
1892
5384
8839
8729
4865
2655
9055
359
1647
5539
2530
4413
6
7792
422
4198
5767
6058
8327
9651
9915
67
810
6160
4455
9814
2884
7467
9260
6034
5106
4087
876
5157
8524
889
8955
6603
8253
706
4895
7524
9061
9633
732
6179
2544
7832
8826
9440
2939
5968
2586
3686
3199
7384
204
4508
7864
4359
8001
8579
9009
1191
5375
5600
1833
7878
8376
2121
1885
582
5604
9280
7382
9563
1906
5868
7855
8360
2077
4527
7115
7598
8062
6108
642
3242
9180
4280
7017
3878
4775
2317
8837
7733
1975
7834
4084
7973
970
4681
3734
5182
1524
4549
2464
8210
4616
1082
3150
9795
5748
637
631
8543
617
582
4620
8134
1286
6166
9889
3179
3310
3525
4832
9376
1568
9473
4983
8475
6509
5452
453
6810
9081
1231
595
9648
1205
2876
1300
7943
4583
5559
6959
336
1707
838
1717
1103
9970
6365
9608
4046
2701
8302
5632
9308
4229
5281
9095
1103
6914
3374
3478
2212
5289
9003
3457
8363
5979
1713
3108
191
8959
7802
3807
1664
5978
3670
9234
2771
920
877
212
3745
426
9010
1476
9217
5332
2295
5367
1644
1443
216
851
3902
1912
9525
4933
2804
3394
3386
574
6375
8197
5003
9920
5126
9245
6851
8524
7826
2187
7593
2502
3592
7554
2454
49
8767
4001
9168
6407
4693
2633
607
3454
4173
4616
8510
1464
1596
4185
7996
2165
9513
187
1502
6126
696
8584
5817
3243
215
4285
7983
504
5986
2624
1422
5143
4110
1218
1782
9775
2962
4563
9907
6457
8809
6134
4635
467
3608
5781
4568
989
600
3904
4569
1412
8934
1849
9236
5117
9602
790
9988
4181
5028
9549
7044
9696
426
3384
2239
5091
8280
9119
2323
5644
8023
9389
7539
5189
9023
8942
903
6392
3732
4734
7439
8899
2437
4142
8002
9610
7054
9688
8655
1915
2666
6293
2902
387
4690
4371
3065
8796
98
6367
3257
8645
5106
7764
7894
3952
4714
2514
400
9978
1830
3501
7422
3638
9861
3589
9282
6305
9190
6183
2029
2618
2688
6887
2251
6000
2493
8508
1121
4860
4855
8944
6837
5478
5739
4498
2176
9936
7112
9818
6664
1911
6109
1466
7740
5761
3136
9683
7428
232
1320
2430
9774
5635
9817
8028
5190
3367
8039
6757
3095
8486
2644
3775
24
2284
8671
2148
766
988
6062
6967
5089
1190
27
4289
3439
6168
4447
5815
921
8646
1315
306
4700
4784
7744
4810
9011
544
636
9243
3648
6473
5836
1892
6219
9528
8748
5088
1680
1632
5009
2861
9453
942
4243
2297
3246
9231
9728
5233
9943
4089
5812
8038
6041
6537
4690
1727
2753
2305
2367
1534
5877
4908
6349
818
7605
1372
8625
5136
4521
5831
5324
7296
2415
2194
1620
9596
7772
7234
4587
8945
5245
7116
6567
555
4824
3711
5660
9854
2993
4675
8724
8517
3768
4726
8151
2188
8276
6786
7650
8464
5934
3798
2514
7345
3594
7415
8577
3297
5555
5733
6693
6878
8166
9595
115
9748
6380
8511
4226
9855
8349
8490
2804
2626
792
6386
3083
369
7095
6475
7231
2476
9726
3674
9699
5268
4359
9930
3834
2109
7656
3377
7618
8728
7607
8210
3845
1862
3667
657
458
5026
8565
9647
8235
1694
9547
3075
1710
5391
1428
865
7551
2226
8911
1525
6208
7961
614
5739
6368
8555
3465
9423
6235
8833
871
4842
6253
6724
7436
5781
6682
2662
995
429
9855
739
200
2872
3139
9434
5517
725
1419
5549
5392
2376
4094
2120
3457
5029
8412
471
901
7279
1714
5987
4046
861
8349
103
363
6166
5218
954
8949
1517
2050
6056
2960
2832
8264
337
9752
4328
8978
8965
364
4595
2781
6758
9253
7695
3290
3458
7618
4934
7433
2710
227
7656
9086
675
6770
9103
2825
2718
8272
6995
8122
342
2149
6217
620
9006
1773
1578
1794
8140
1337
7395
8965
2321
503
579
3235
6083
5369
3646
7125
3515
2894
6742
7305
6888
9121
5115
2673
3939
5210
3028
4939
8379
5069
6399
3728
1682
8604
9185
865
6358
9190
8605
9931
4334
5043
8617
1686
7495
2505
8592
1841
6771
4165
8836
9755
2423
1599
432
6868
1700
1743
8587
43
4407
2810
9061
6087
6210
5548
4257
1784
8298
6478
1179
3698
9423
8007
2935
2671
224
5118
9899
9542
824
1848
9086
9430
4311
495
6132
6386
2304
4090
4591
342
8757
8401
6104
2448
7221
2820
8724
1173
3512
5653
8788
9253
8964
7401
5900
3044
546
8053
680
5260
7264
9565
5883
2418
5083
6804
6777
1475
7036
7647
3607
6332
3343
546
6109
1437
2766
597
4104
7903
3380
9254
7768
702
4483
5603
8364
6997
5760
8024
3209
7774
5212
5204
7246
9695
6603
5402
9825
2999
8212
3280
7038
3062
6098
1857
8225
2111
835
3082
5490
784
5639
2089
1328
3655
6100
9402
4523
4747
7455
8388
7269
8621
8784
3897
8522
4269
5783
7207
8448
7404
5166
8263
631
6029
7057
7557
9302
2901
7962
5223
8542
4654
9416
1214
94
1730
6861
1480
378
2928
9797
7866
6763
2980
7944
6812
6275
8141
2961
9510
903
8588
7425
4176
4434
5890
5351
7964
3933
6641
2803
3470
7710
8662
4087
240
6812
5135
6796
553
1782
8446
8740
1808
4743
8243
4204
5356
3445
3487
2662
995
36
6722
880
3694
8832
4173
4679
7136
5728
4461
8508
4758
9933
8885
2231
9031
4357
2314
9164
6441
9183
1148
8334
367
7056
6777
8772
6347
1463
8744
7340
6733
7182
4771
3631
6984
4400
8609
6038
173
2799
8014
7374
6654
9132
692
9599
5243
5500
9202
5051
8335
7364
3886
3119
4879
9747
2533
4533
6921
1460
9543
6993
9178
1512
7101
2538
7746
6142
2641
2335
1985
6969
8152
3688
870
7244
6204
4765
8745
4182
5248
8129
5078
9556
3809
7748
1005
4614
3371
4064
4831
1821
9319
9448
6984
9569
2630
8703
2502
9381
9233
9951
3955
7887
324
2327
8689
4607
662
7757
8415
6495
2423
1103
7716
3966
3105
9358
6288
3275
6273
2330
5640
3324
345
4038
6467
9056
312
7633
6300
5132
2076
4368
5266
4962
9910
8349
8084
9215
7962
1789
9878
20
769
1852
8147
5068
9134
8845
2467
7510
1673
7591
4879
5303
2011
9726
4379
4151
795
586
3378
3700
7233
9247
1453
5907
7610
1085
8954
7782
2140
8260
6310
3370
4581
2175
5786
5185
1664
8370
5062
123
3509
308
3946
5838
8501
3089
3890
7752
2627
2291
5006
9933
7217
174
289
5282
2951
2007
2769
5232
3280
6356
4922
8880
3351
8360
9800
2
9270
7749
8167
5670
6857
5007
2818
4788
2335
1906
4571
3716
9991
799
4703
4389
5683
9109
3920
178
1029
922
8564
6005
3820
4581
1847
849
6007
4026
3014
947
924
4521
8336
4917
5947
5914
7120
9369
6390
2747
6265
8508
1006
7333
4395
9425
6787
6450
6313
4127
3876
3131
8651
638
6945
3402
3834
15
61
8556
7264
6550
2872
162
6951
3349
1997
1551
6806
8699
2968
1609
4194
6748
3904
1022
2078
7020
2867
6510
9457
436
6039
5910
9745
6710
5350
765
3414
6866
2151
1368
9184
8652
1060
6321
9757
9261
150
4952
6325
3132
7626
8451
1143
8759
1880
9547
8109
787
2817
2870
4606
1728
5502
8590
3376
166
756
6589
4259
5800
3120
4875
6807
9818
8158
8999
9974
3317
5975
183
9687
1837
537
6985
129
4301
8384
5302
8792
8920
9291
2451
7520
7331
9424
7927
380
9435
7232
4422
4386
3494
8139
8870
6291
5307
5410
6227
5857
3833
1754
3415
5539
531
5402
6016
9434
6717
1643
6576
5021
2061
6360
2465
6250
8254
6794
1684
969
1002
7986
9913
26
7857
9
4639
3082
8041
1335
748
8716
7636
6573
5361
1455
7641
8279
7905
6821
393
8907
3513
1377
364
476
749
2284
4522
6510
6940
4912
8637
4812
1805
33
7463
345
9608
2321
9020
7217
10000
4176
7267
9517
9740
7566
7555
5624
6054
1343
757
9507
8935
4636
3928
5859
6318
7057
4237
2048
5144
3329
2826
9547
9412
7100
7247
1202
5540
3325
3566
5716
8480
4989
8302
2061
3121
8246
4992
8372
5486
3475
5478
4093
6448
7037
6218
6361
554
3098
215
1628
4224
9381
8255
1232
7798
1266
2049
675
3227
7114
2529
3325
3084
9446
9734
4374
59
8934
928
4968
205
2143
5294
8077
4558
7668
3733
9025
254
1845
7746
9170
7396
5964
8705
182
5123
7660
1672
5189
528
8237
4695
914
6936
9215
210
600
9965
8063
4741
6254
4885
2041
3076
1506
8962
2267
5918
3556
8487
3590
5894
5685
4335
9338
3132
7710
6211
2403
672
1250
5692
7131
6472
3491
767
1472
560
3596
7316
5526
7149
3903
6680
9078
2658
8901
5864
5430
7275
2653
5516
2168
2884
6585
8628
3980
4737
1360
9489
6380
5967
4962
1122
4036
1700
8140
206
1100
7845
5927
679
4672
3707
2808
4729
5144
955
3531
4809
2278
6854
9527
7275
7495
5817
1237
6221
9654
4129
2144
8074
6005
1407
6718
2034
9189
9352
1557
773
9631
9735
7489
6519
7155
3249
6347
3633
5326
3489
6813
7762
9529
4493
3142
4312
9703
5872
7888
8767
5580
2344
572
3204
983
5150
1404
9932
6103
9096
8176
5795
5356
2429
7497
6710
4125
4721
91
4712
3613
2165
4071
5794
1913
7678
1884
4193
5505
7349
5157
3709
3852
7919
5217
3061
8402
9071
1544
9810
5832
3897
852
1875
5736
6161
375
8803
4837
2191
7899
2662
9365
4543
7319
9514
8852
2623
4571
5890
109
4644
7653
9192
6510
6795
9269
1817
2676
8544
1214
9808
4149
9712
5168
5984
7109
3335
9596
3375
1683
3593
7507
8047
9086
4151
8325
3158
7230
467
7742
4421
8066
6966
6281
6579
5530
2898
4630
2624
8177
2228
7858
486
9309
2278
6195
6067
1025
9701
1931
486
2262
7472
8213
5521
3613
9213
6589
9442
8410
9432
2518
954
5097
89
3061
9675
7945
7111
2084
6533
3461
2368
3858
5987
2466
6106
9185
8923
4397
53
4499
7584
5613
3938
5802
9773
7285
4958
2466
8723
3177
9092
4086
699
9740
6135
607
5985
1017
1779
870
1162
2756
1820
1893
6157
6417
8747
6072
534
7301
447
6793
3384
6619
701
4187
6073
8176
7364
2774
4238
1871
6237
2082
3760
1607
1598
4422
8375
7628
7057
5435
1158
3436
3856
8018
4217
1080
9388
7058
9210
1074
7832
5896
7234
9954
9243
9099
707
7406
8843
5909
3433
9116
6774
9636
2253
2945
6935
6742
9771
7137
9973
7923
3551
3720
5837
8660
4911
8981
5432
6558
8868
7605
4110
1147
3610
8547
3577
6152
2587
3758
1998
8958
6205
7450
8958
6575
7176
5928
9681
9102
213
2116
6022
6438
359
2822
9204
8653
317
6985
4867
6699
8428
5968
8720
4913
7550
2339
3094
6310
6271
4109
5224
6420
4352
704
1691
8636
2656
7781
2937
6305
6517
2856
8529
4966
166
2881
1219
4962
4357
6283
5866
1866
6813
3778
7925
3007
7559
3952
2464
5100
7130
3800
8514
3814
7164
1703
716
4667
6541
4522
7317
237
1876
8286
4267
9232
4967
5983
7500
2424
1404
2783
5735
7448
3106
4091
1494
6078
3078
4854
9706
8828
6196
1848
4201
6980
2182
290
4395
3667
9661
6846
2791
6316
4789
5549
2478
2321
4283
7423
1000
4894
3884
5974
4293
4300
7809
5122
4127
1742
8908
8453
8710
645
9899
717
4306
8553
9958
5438
1057
6298
386
9004
5731
9967
2295
1211
2157
106
9528
2008
4821
2881
3297
9814
5421
1066
2201
2862
1645
2400
2926
8675
2654
3587
7965
3524
8694
6464
3147
9398
8144
1298
1516
7684
8080
6006
6741
9399
199
1773
1749
9348
7122
2762
7011
4750
2275
329
8042
8354
4299
2204
2067
5152
8370
2077
6605
9770
7191
6328
3505
1435
1283
8818
695
4033
2797
7907
7375
3533
7326
1089
9598
3260
7592
2968
7649
7296
2603
350
125
3059
3945
5195
6980
7539
415
571
7725
5818
7053
3058
2164
7950
3354
9665
8078
7539
5842
6753
6619
3192
5210
6864
1745
3142
6994
5290
3504
8447
8145
9012
2761
2179
3471
1301
5085
5533
2941
2164
4894
3674
8344
6690
1873
8531
3440
169
7151
9281
6148
4237
1840
5727
188
4096
6624
1199
5872
4258
8607
7693
9331
6543
3792
3139
4041
7461
6087
5340
7732
3213
3591
5564
7394
3477
2365
3559
6962
7575
2771
5680
2340
8327
3604
8253
5805
9327
8089
9274
5075
8194
2084
8187
2805
8986
2585
954
4745
202
7105
6918
7191
9152
6429
1952
1087
2052
3287
7883
5229
5172
9584
2347
9501
9625
5450
392
8765
521
195
62
5963
1731
2137
5102
1296
6948
7694
4793
7090
8542
1533
9336
5500
1169
3155
6586
9315
622
5175
736
8784
2885
3435
2476
8507
9509
3889
9345
8064
877
8790
6994
5009
6450
168
5806
3219
7131
3302
3423
4469
8664
7325
5393
3163
4031
9580
123
3842
9500
9964
1037
8380
5728
7389
840
9368
4438
5831
1185
6815
3494
1890
1360
6897
1377
3686
9055
428
4997
5290
9282
8739
2453
4325
7119
7662
8537
8472
1771
5782
7992
2139
6384
7119
706
2730
5060
9584
4645
4784
8623
7465
7571
1435
3051
9034
6866
9904
7935
1841
2231
843
5610
7076
6225
5870
8819
3044
9885
4499
5377
981
5420
244
1403
8194
965
7651
5068
7578
8850
1978
5178
7903
997
4107
9041
6856
1991
6646
6277
8634
4942
365
6483
3673
7691
6421
7631
2638
4999
8101
8890
5142
3493
1376
338
5407
8141
5117
504
2227
9513
5656
1369
7150
3701
666
9017
1465
8271
1672
409
9447
2818
4951
2797
3077
6363
573
5408
3384
8286
6347
7105
6627
3399
3181
770
2342
4061
5070
8768
5417
634
6665
6640
462
7976
4749
4277
1401
6353
5114
898
3295
4502
7454
1658
8108
3856
2836
6686
8104
9823
3880
612
4644
1832
7496
3904
5042
7789
7685
3173
4567
9187
912
6536
6659
5035
7315
4382
6474
5375
7587
9069
3931
5111
6301
8494
2120
7475
7960
5808
1775
7899
3569
4680
1039
550
7202
2719
1613
9476
7177
8828
5317
55
4416
742
7662
3832
6209
5859
4843
5844
1748
8686
890
8818
1794
7851
671
990
3278
2384
1053
5009
7973
5130
9692
6479
1937
3707
7874
2073
2729
4793
232
1299
1781
2872
7825
3161
4210
5778
3500
176
9407
5105
843
9458
460
6882
4415
1085
2111
5828
2618
9403
9206
644
8326
3130
9922
8930
8479
4108
3510
7554
4378
1308
4176
1203
7717
549
2083
1780
3287
4343
8188
4597
6362
2543
8949
4195
5591
9354
8648
2726
6231
1829
10
5726
2930
1817
5137
4529
2674
458
764
3963
1522
5634
8492
3941
2944
3669
8561
7136
5510
3806
1248
7700
2531
299
4145
7986
4313
4052
8589
1463
6088
3232
6283
4411
9514
9326
8087
2743
3576
8494
2516
2595
4556
6551
7651
5871
7947
7510
4118
851
9146
5467
7306
1688
4910
1898
2871
9126
2732
8543
3541
9357
8940
1412
6856
1523
5490
6374
1042
510
2735
163
174
8875
6393
834
7825
3011
3975
8903
5439
925
4821
1895
4528
4131
7151
3474
7815
4114
4085
5844
162
7113
7016
1494
9401
2345
6254
2645
5515
9532
2182
9136
3892
2568
6040
6642
9862
9590
3455
6418
8034
2115
976
126
1835
6097
2765
4494
5335
8001
5264
5119
7589
5799
9142
5752
4288
726
3335
2109
5888
7490
6803
656
1905
6539
9872
2054
5078
6805
2424
7226
8634
6905
6871
4850
2521
9361
6723
6363
1346
3566
3750
1065
4887
6193
533
8057
286
1798
8935
4113
2649
5989
271
8893
4679
5571
55
8555
8973
5201
1248
7504
4228
5785
4565
5354
2973
9689
2563
1753
2770
6184
1133
1747
40
2841
2259
6113
4725
3943
7309
9166
9373
1626
3719
274
9940
6219
5088
8455
1675
578
5838
6095
1866
6729
2296
5929
7615
8509
5683
8887
1009
9902
4744
575
4437
462
3167
3108
4351
8709
465
4346
23
3133
1870
8582
5941
9976
8274
6040
485
8211
3043
9679
9080
172
4818
766
668
2376
9588
573
3265
7953
6664
5512
4757
9258
8505
6742
9610
2665
8687
9164
2292
1820
7696
288
2240
7718
8167
7213
8485
7434
8885
4548
4647
4400
5611
4314
2120
166
200
7268
47
721
2822
2319
688
1146
7841
6568
5521
3297
9088
5912
5140
6653
518
395
5451
6833
8509
8102
5695
9489
6954
8742
1985
5432
2861
5394
3419
7542
4160
6283
5891
7434
3538
7379
8869
5827
6275
906
4370
9929
1859
5291
1068
8996
6816
475
3336
7665
2027
2384
3690
5123
4062
1428
6508
4772
6856
8833
4859
1722
503
8817
7518
8731
2527
2016
4775
5969
6877
4120
8518
6198
959
376
2924
228
9641
429
6246
1606
4267
9409
232
4778
6131
1345
2780
9976
7105
308
8270
3886
4487
7790
9490
2725
8228
3720
817
6953
7483
3528
4296
1328
990
7836
6532
6767
2507
9726
7609
2139
2676
6530
7719
8447
8203
4913
8981
9270
9419
11
8031
217
6813
6618
6844
9973
8742
3651
8369
1390
159
3828
7267
212
1280
6113
954
2563
3267
2473
5099
4724
1249
9329
7124
2762
2360
7438
8734
5313
9810
4528
6343
2424
4256
630
696
7055
5076
6480
4132
5303
4054
5696
3741
1552
2711
824
2850
4327
5912
3073
7007
4310
2947
1828
4172
1769
5704
6318
8958
1895
9144
413
4410
4906
1060
1594
7860
7379
4447
2290
4163
5214
1193
3066
8516
1416
6394
6275
3547
253
2801
1310
7921
2758
390
5959
3987
1522
6764
6488
2715
1158
7280
672
5434
2931
4471
3814
4636
4723
3143
6907
2855
7865
4637
1147
7055
295
9643
2939
2644
4116
4853
1156
4522
2755
9660
8138
8156
2730
6122
2101
8530
4136
3452
9115
3868
7189
2873
2713
7228
607
268
7711
206
6338
5003
8541
7999
2838
2011
5353
4110
3334
568
6659
3947
8033
2598
933
993
6412
1548
1757
1683
6172
9335
3887
5315
5850
7655
5512
9573
9316
4889
2327
2954
261
4148
6130
331
1122
4
4244
9113
4831
2575
4479
502
7756
4519
2270
5896
5131
8209
4050
5612
1705
2588
3776
5834
4631
710
2954
1522
553
3081
734
3042
2822
5240
7157
5261
6889
2876
2972
374
1307
2854
8166
8222
2810
6662
8943
8051
7726
5809
8813
8602
2183
9427
3105
5068
1403
9903
8134
4267
5448
1428
3078
2839
7665
5726
2658
5872
9098
298
2992
4064
6319
3134
9124
1547
2138
272
4576
8466
825
1964
1341
3685
6926
1373
3310
4090
1515
3701
7470
7584
220
5313
1738
2725
2160
4186
825
8235
9934
6192
4561
4796
7059
9578
1353
9949
6641
2750
7455
3294
1337
107
560
3483
6867
6839
9228
1987
8569
4547
4925
6873
8740
7286
6586
3802
3298
6108
1281
9562
176
7778
9052
6530
9528
7842
6606
3261
1926
6122
7407
8881
5408
3735
4946
9273
1265
8893
5994
2288
2845
9003
1470
8021
5477
2695
9657
2054
4879
7184
224
4783
7715
9343
6361
2717
9578
8003
7994
1075
9155
4896
5140
5442
4791
9661
779
872
7311
4305
4722
1320
3103
4151
4469
699
9451
2393
7418
1091
7392
2267
2852
7843
4598
8198
3748
2562
1486
7874
8390
9828
4299
7163
2808
3670
3175
848
9940
2405
2538
5645
9221
6805
2861
4304
8178
2573
7488
2566
1379
6292
9933
2460
3388
8399
1996
8570
3331
7300
900
9388
2720
9219
2082
7536
9672
1845
9179
887
3737
2085
1566
676
6176
6480
69
7398
4814
4355
5133
8786
8854
6570
2749
5012
2763
4229
5320
9453
9589
8038
483
5556
693
6438
2081
923
3742
1403
5352
6210
7812
2702
9073
5463
247
3065
1759
684
5900
5532
9360
4102
8597
8235
3215
5783
9509
6584
4362
6235
3868
3166
3884
832
4348
4795
3386
3086
6983
5733
9957
432
7473
9532
5856
3426
435
5230
6561
4461
5361
5595
2513
4505
6354
3699
6465
4889
1711
4210
8772
8136
3096
1089
7488
5490
3599
3190
9446
8006
524
5819
868
2479
2756
2372
5481
3004
4039
8351
2203
6992
1467
2441
5907
6875
4790
9614
5605
3929
8446
7151
9711
3395
6965
835
6579
6393
1757
5025
3585
7295
3935
7741
5012
1715
4835
1129
5580
9502
5127
3688
3853
8393
5629
1865
4509
6855
5503
2681
863
9381
7539
144
7995
5768
5175
2856
5658
2699
9415
7176
3924
6832
5883
3053
6713
4641
2481
3087
5164
7389
3203
7442
2646
8915
228
7476
9351
7323
3634
168
6512
1136
2778
1055
4180
89
4564
5851
8532
826
7782
1001
6953
797
2623
3697
7921
2814
9797
6134
8901
4398
580
6398
1385
1864
7262
5273
2026
9040
1516
2077
4610
109
2181
977
2686
2505
9295
2595
2136
2252
6758
9347
6118
1009
2531
4966
4129
9318
8381
9981
2175
898
6817
9158
5273
8843
4568
8368
9822
5574
7280
1892
6186
2989
2935
143
1461
3105
1870
2059
2976
3764
4524
7081
2523
7411
5117
2524
8965
9960
4328
876
9540
825
4834
7905
805
653
4956
5126
3333
9380
8873
4017
4072
1490
1599
8550
9732
3001
6016
389
7841
5287
9870
328
5052
7854
2098
9965
5152
7867
1158
1828
8786
4504
7708
3167
9042
8642
8830
2294
4568
7712
947
6874
9846
3276
7171
2880
9473
9531
5630
3723
4243
8319
3265
31
939
6557
3066
4791
2606
107
5239
9782
1892
5196
2239
3043
6171
4033
8227
657
2884
7530
208
7784
5847
8668
8303
9195
1495
1186
8959
883
8122
7221
9812
7226
5631
6280
1756
1287
598
3569
2408
4284
6480
3469
638
6056
3829
6459
234
8309
6986
964
2940
2707
1126
6162
1386
4174
2274
8121
844
5330
1749
4063
5467
5580
6066
2148
5888
1574
9428
1715
1261
3053
7783
2000
6536
4863
8977
917
7651
6370
4037
949
3572
8950
7994
940
5038
3081
9139
3073
7993
1366
1786
8710
9508
5017
9175
4738
8590
7394
2022
7402
8658
2925
7932
6094
7007
8855
3062
7171
2749
5658
6488
1048
560
3564
2975
6842
1563
9598
4115
5695
3535
6521
1089
3047
9222
4209
9074
9428
524
3090
1334
7905
6938
2624
7837
2532
4777
4504
2821
5768
8313
7597
7196
2642
7952
8746
9572
7750
2659
1180
1326
1111
9318
1843
9203
819
471
6260
3496
2931
5104
7254
1234
8725
2285
4380
5733
1375
8780
1406
8776
1663
6693
772
6027
7939
581
4402
4453
2214
9575
697
9665
3799
7888
153
5723
7085
5181
1521
4552
2374
5966
9569
2872
6225
3833
3453
6992
4129
4869
1394
2002
9087
9117
4377
6782
1640
5950
5699
7252
4047
5740
6743
5252
6740
9864
3400
5838
9008
1618
7909
9695
3620
6531
8955
4518
1962
9096
9742
229
4161
1842
1886
1444
5863
7038
5005
3693
9713
5457
2574
8083
1864
9858
3535
8257
6072
5806
7779
3854
3020
9335
9319
120
7302
8858
7067
7496
8444
5534
7922
5303
8309
1767
120
2769
4818
3584
1555
4203
1056
2983
3053
2130
3573
330
5510
1644
8166
5214
6194
5656
1308
5475
2293
334
2611
3939
1013
2107
6356
127
907
3356
101
6230
6010
3633
8172
1923
9720
7685
6580
8670
5035
7100
6644
991
548
4359
8118
7635
5869
5599
7755
3012
1257
6961
6767
9905
8555
9821
8285
1281
9064
5957
139
7670
6974
699
4159
5080
6984
4662
1689
2297
7478
8043
9085
9659
9576
8304
2324
2290
9929
5994
5875
2314
9325
7364
9035
8623
5574
8903
992
8337
7124
3022
4039
14
2373
2822
5052
2545
2196
8259
6461
8147
944
1223
4942
8430
6849
9885
803
2494
4613
9553
6422
2287
1688
7000
7333
7858
6719
756
2928
7160
661
2592
7844
314
7326
9432
3164
1451
1085
9396
7998
4295
7238
9407
3166
8295
6440
9289
2083
4482
7753
5192
3638
9800
9700
1138
1623
354
3552
9164
1746
7351
3477
9400
8543
5531
7938
7323
4571
7600
4430
5522
6284
8386
6715
5515
5960
5723
6344
1543
2560
8372
1263
5518
536
2274
521
4833
3196
860
3003
6505
5217
7208
3907
6029
8216
3533
4478
763
9646
8774
5774
2381
7006
885
7656
3135
9860
6274
4521
73
597
9971
424
705
7986
9904
5160
9465
9480
7107
6488
2777
9151
9249
3705
8812
6446
5023
4512
5320
7934
7084
1805
9356
5553
4301
4480
2177
3456
8358
6055
8214
4562
2185
1109
4
7521
4748
5823
2978
1979
7588
7200
7156
3021
29
2192
5322
1315
6714
8999
7843
8701
9772
6395
4142
7717
2661
2869
4692
2535
5260
8921
4989
5945
4452
6399
7566
8378
7244
8819
9863
6853
8244
787
9828
3770
9313
4222
909
6990
2512
125
9697
1716
7118
3868
9527
7257
3695
3713
498
3824
2384
2056
2596
4305
7048
8626
6665
8680
7278
7341
3657
1066
2138
8451
2606
2959
7254
1981
4213
649
14
75
3866
6234
4313
5783
9507
9320
8682
7088
9009
7881
6367
960
8720
3435
9166
9058
2838
5065
3161
6004
7816
8447
3147
473
3516
7967
5765
4426
5698
781
3264
2064
9472
1783
6739
5460
4468
288
5146
846
5003
5082
7175
2143
7734
5028
349
193
5658
7832
3818
1924
2274
8675
6931
1109
1300
7570
7233
2016
5857
1588
3531
6805
4661
5639
8690
881
6794
2886
5696
6244
2114
7046
7756
2688
5870
4346
8678
2273
3454
7959
9926
868
4264
4412
3208
2451
3721
3329
5046
1542
9276
4032
3669
4993
4628
926
7552
4822
8426
6402
5544
3893
9701
2266
3668
7352
8810
9386
2891
7942
7658
2970
2894
1612
2195
3769
9428
7212
7974
26
3949
6758
7933
8703
1944
1000
9592
8128
1750
2906
4738
3587
6866
8911
6814
6624
9803
4688
6841
96
1228
9647
6438
9133
1264
7630
8664
2674
2492
8715
2457
9060
7936
8672
3445
7009
6701
1637
5379
3612
3179
4407
177
5835
4513
3977
7215
8353
7317
3204
4647
8313
8172
6094
7577
6718
7170
9648
1308
3352
9090
8496
8014
3485
47
5426
1098
8166
5996
4529
5612
8467
5953
2888
8325
6166
1711
5930
62
2493
5862
4002
4939
8076
4127
3328
6505
8737
9018
153
2581
9072
8418
9465
6872
7286
6800
3961
602
1019
7689
7860
5768
1388
650
2505
7943
8614
7775
3257
7814
7128
6826
5527
4048
9495
6290
7341
7190
3811
669
843
2940
9554
8798
1330
6076
917
5211
843
6766
314
8592
583
6985
9854
5396
5398
9431
1579
2365
6490
2429
4809
7734
2322
5159
2459
8967
9998
544
5351
8046
6936
6673
8118
5884
2227
5776
8648
7459
7640
4197
4667
1422
2924
2254
4003
2819
512
254
9248
4514
1141
2270
667
2560
6405
7457
4819
9000
6572
3714
2570
8759
1814
2119
1134
3639
8107
8443
8611
8103
3202
8166
9217
3723
2319
172
5328
2989
2680
6760
8207
9111
3934
3308
9718
302
1016
9891
5010
4904
4147
2817
2985
1310
9851
6162
6933
504
6966
4767
6180
1928
1488
9079
5052
2093
5311
2579
933
721
3975
9860
359
2376
6558
4402
8600
5245
5290
6478
2833
3357
6995
6761
3603
5033
9273
9951
4496
1612
9915
1827
6823
9826
9308
3584
3
6085
8033
117
5028
96
4848
7498
1189
390
14
6895
5866
4178
9157
6323
161
6181
1362
8941
2921
2752
3355
890
1449
1493
7408
6220
5762
8500
3976
7683
4679
6543
7533
9986
4144
5065
5753
78
423
4247
7028
8960
1910
3118
4415
8453
8282
4865
379
8852
306
131
1109
5612
9709
5975
7710
4397
5910
841
1421
5188
2213
1796
3569
8705
1945
444
9655
8858
972
9340
2291
2668
3481
211
9082
4346
9096
2517
6081
4253
1177
533
6712
5978
3049
6831
5408
2227
209
1485
9638
466
6164
4080
574
5812
1627
6503
9681
3488
9527
3952
5595
2174
9887
2833
5353
6789
5879
5955
6721
657
3039
2196
2270
7075
9865
6162
1564
2230
8846
4210
5666
4845
2968
710
2910
1862
40
7841
5706
2362
1334
2681
3333
9337
7606
9156
1267
7326
9199
2772
7936
8818
2223
5388
7517
5626
9765
9905
5755
4628
4691
2992
8432
130
6895
4077
6724
6504
4721
6383
8325
3543
8086
5369
1528
4140
5584
5710
6456
750
141
6814
3647
8231
3667
587
1673
2663
1963
4146
396
7136
6789
3358
8363
5885
2380
3792
3171
9652
1007
7101
7783
3399
9876
6326
9778
2649
7226
3735
3622
4084
4104
5392
3219
5442
3090
3430
1758
977
3650
716
2553
177
5174
1977
3802
5924
451
6662
3657
7918
3011
1880
6519
9405
7997
7688
3021
6732
1444
3353
9515
2817
3529
1971
2599
6680
5367
5154
4640
9967
5700
9865
3490
8638
9860
2025
4020
2049
4976
2701
5494
3066
7518
7735
3607
5065
2514
8821
6099
5076
5597
5662
5602
1461
2966
8922
4928
5060
1147
7965
3789
7640
8616
2944
8914
7529
5319
9985
706
7590
5545
8556
135
1745
1363
220
3693
2247
6219
3135
378
2723
3295
2362
9107
9879
5193
1392
2227
9468
6098
3947
8937
9072
1318
7952
7897
5202
6253
9641
2790
961
454
7665
3574
8465
8147
1360
474
4926
880
9486
5488
983
4855
1933
9058
1641
9395
5134
8964
334
5544
6615
9867
5183
2329
293
5107
4161
66
887
2537
1519
9213
169
8916
2546
1951
3569
7737
9620
4205
891
7747
5570
2568
8519
5668
1517
4173
2302
2011
3378
670
3486
4989
7208
7138
6954
1889
232
7384
3963
6491
9720
8818
4237
141
2621
4832
9010
2773
9438
9063
4581
6275
5535
2515
4716
134
8347
5148
8691
4364
8089
8886
7921
1553
8983
506
138
1437
3583
4329
1966
7582
231
1369
9347
5536
8486
2349
8350
9486
7137
2839
5723
3170
9716
882
756
2251
545
4143
4075
2797
6600
9583
6629
5488
1865
1301
5169
9719
9337
6522
7211
8741
7371
142
6964
9144
2681
2227
8180
4265
9092
5394
3607
2248
2142
290
4670
3435
8015
5576
7926
2539
5429
1075
8770
790
7368
8677
9526
1408
8310
6355
4050
3956
612
1272
9202
7303
6087
2786
7517
6067
5125
7997
3456
4238
2759
7535
3369
4828
7254
6987
5574
7573
5261
1892
2981
8541
723
9335
519
7051
7497
860
5138
5559
183
5636
3764
7565
9120
6097
1297
9684
8320
8161
5752
6188
3078
4752
591
3043
4778
6955
3017
1760
9551
3750
5680
6215
9378
2789
8151
3905
879
8099
5015
6690
1450
7389
7314
8812
1355
4871
5059
3923
1186
2852
453
7954
6574
6579
4199
2751
300
7350
1228
1587
7830
1199
8626
4701
8029
3527
8923
3678
452
561
5578
5401
2881
1433
1773
1281
809
2135
9652
6431
2223
8379
2067
4894
1840
4132
4866
8119
7939
9565
4141
7929
8863
6042
3836
4427
9676
6294
9292
5206
9334
8068
7011
2098
7904
4343
5986
4632
7488
3822
1447
3980
9262
918
4467
1983
1665
7835
6213
2107
96
2559
5231
1215
4389
6763
11
8867
288
7171
8168
1101
9828
8202
7457
2197
8260
6254
9120
9444
6105
8034
1151
3654
5905
7563
3417
9238
6011
4624
4907
3384
3565
1771
1319
7516
2821
3012
8938
7178
7886
7069
9231
4202
5535
6717
7079
3795
2269
5507
8761
5858
182
2411
3795
1939
1549
4103
3323
7532
7398
4167
8219
348
5353
5427
7875
7230
5968
2110
9838
1130
8734
2954
2146
3731
3151
6738
7708
5278
9287
9651
2823
585
6689
4564
3941
2924
9416
2763
838
9311
7392
3280
2096
2954
5880
5776
1685
5617
4151
3567
2411
8369
9973
1024
5035
9990
8860
3845
5426
1894
3178
4764
6235
5921
1409
6919
3746
7881
3540
7356
1267
7117
7998
8067
3929
1615
8151
6604
384
6443
8555
3567
7773
284
7998
1485
8656
4522
8490
8472
5985
5846
475
694
6394
3031
7144
7683
7517
1315
7996
9902
5413
1547
3409
5128
1617
8619
1197
4223
2041
7486
8125
9382
8615
6078
7742
2789
1129
5036
2714
803
7616
4806
9104
9687
5065
7822
7657
6440
2135
2981
6503
8072
7163
8929
7928
1632
2452
2108
3192
4482
2314
285
906
9523
5446
9029
4806
303
2148
9918
3882
9841
8490
2656
1863
8000
6897
564
3330
4247
8800
4825
985
2896
8887
8193
1203
2145
8489
1991
1565
4663
6105
9140
2940
7280
1781
1692
6805
2191
3811
3113
2064
6623
5362
3596
9446
3
9959
8186
8462
1360
1285
1794
1973
7621
1757
3749
8946
701
6307
3397
5898
5621
7644
7930
3500
4790
7935
7921
4613
4185
3037
5134
4573
3414
5903
1080
6642
211
5931
8111
6962
4626
2499
4986
9292
3237
7595
6195
4981
4140
3582
1049
3266
2084
1308
9809
6696
7960
296
9979
8495
7049
5065
3790
7341
2113
4297
2753
6891
3057
6404
1321
7464
7058
1988
4017
6248
3671
7727
3654
1515
161
1739
6493
3458
9643
8170
2462
9895
3945
1883
9892
5035
186
5798
9466
3596
1737
9933
5848
6535
7016
2786
7275
3291
30
1763
3738
5501
945
9312
1107
4121
3574
3182
5611
5595
9669
1096
9086
9448
1664
9851
8862
6388
7356
6902
7924
4378
5382
2023
4615
6260
1163
988
2005
8246
1430
7543
1360
4542
3181
638
547
8099
4374
4497
91
1952
7356
3739
5534
1522
7680
345
7740
7003
448
9257
2798
8276
7551
8172
7986
9566
241
446
9174
1863
3067
4101
3813
9552
1763
1591
7134
9568
8124
6232
8290
7706
3380
7234
3863
2303
8239
8832
5072
3373
7544
3695
1203
3311
3269
3919
3375
5987
7936
152
3416
6301
7530
1416
302
8817
8375
4741
363
6798
5755
168
569
572
5932
7310
8118
9874
2889
8592
4204
3306
5620
8264
780
23
170
5154
5638
702
5444
3858
1830
1138
73
3906
6874
6384
6469
1133
3701
3068
1667
6586
6785
864
7690
5614
1428
5855
9632
2185
7513
7590
2982
3097
7077
3367
8357
1122
7417
7851
3354
3140
7272
9700
7007
8876
2735
2930
1211
3676
879
9919
1397
7839
7386
7515
4539
6648
6185
4587
4824
7380
3239
5482
2550
9052
7519
5555
3444
5152
8736
3172
7501
1749
2909
1145
3198
103
8899
214
5292
142
8510
1645
3623
2884
6565
8844
3306
1377
766
9906
4527
3106
4053
3363
6217
9216
4151
5976
6077
2908
2888
7944
8754
557
3440
9225
2055
1743
4309
4578
2809
2010
232
1296
5619
6433
1204
8528
9251
3740
6371
3204
5163
4900
157
971
1402
4911
5115
8387
4983
3485
3095
5451
6043
5621
1649
959
1315
4698
1953
2811
5261
1064
5396
3172
1751
5169
6583
6531
8606
6043
9626
8982
5109
6105
7006
5161
1932
6527
9562
1075
6412
6
340
2273
7607
937
6200
7779
8739
9841
6665
3191
3217
3560
257
9946
5070
2817
3503
1197
6365
7017
6261
5361
111
3688
9305
2497
1604
3232
3242
3614
2693
7568
3108
2435
928
472
9601
2375
341
2787
1458
7197
2556
3129
7029
1568
1286
7428
819
2170
745
7597
4921
8605
803
4596
4284
3776
3810
6747
6358
7807
4486
8888
5425
3594
4398
4596
7387
9570
3383
2772
9688
5572
3529
2605
8469
2217
4184
4968
8584
2056
128
1656
4488
5658
9006
4259
4877
2413
2651
4745
7033
468
6514
6662
8752
2968
9775
2984
2175
4387
1150
2425
5312
5675
896
3548
5224
510
2430
3979
5084
6373
8077
1428
9589
2399
8520
895
7847
5153
2786
6175
5080
7674
8675
9244
4559
6785
5446
3962
9794
5903
4713
8093
689
7424
1328
6074
3360
6687
3969
7020
3576
6742
5738
5440
198
1635
8583
5878
8643
4189
8963
9526
1730
9138
951
7526
7853
981
4840
2415
4083
8469
7186
7835
2552
5585
4835
45
521
1091
9771
6326
7491
4582
1405
8386
3185
7552
3963
8036
236
4054
4389
1165
7813
7819
478
3916
1601
8946
6079
7560
9533
5703
8447
694
4473
1078
4839
5711
5785
112
9217
4341
2158
9057
1314
1531
8077
6415
1523
6554
8128
5433
512
7937
547
2389
8160
3314
89
4546
1851
6008
7013
6915
2743
3104
9350
111
6553
8252
4333
8515
8213
2370
3846
4318
3660
2968
6797
1104
7310
4502
8746
182
907
1410
1568
4104
9996
9287
2807
844
3286
7366
8908
9227
6117
2024
2021
1331
4719
3660
9568
8998
5290
8887
2643
9362
8229
2250
873
3271
5026
5387
8847
599
2928
5406
1541
334
7116
7883
6376
6986
2057
1357
9087
9250
4382
2768
8780
3102
8082
6650
5578
4866
2232
7133
2200
6953
6952
122
8113
1322
7450
8342
3136
8436
7440
9007
2488
2854
1288
9686
3774
8644
316
6590
6036
9982
4547
1179
8345
8150
4236
6479
613
7464
4107
4571
8336
6603
6150
3193
8546
2042
6479
1513
8707
2850
9147
6692
4442
7266
3639
6726
6425
1148
2344
5758
1751
7912
4123
59
5764
4398
5949
4065
81
9702
7003
1344
5817
5728
8218
2030
6524
2886
6707
3346
4966
434
3921
4398
1617
1970
7547
934
6818
1643
1613
1179
1352
6199
1051
4714
1650
3367
5660
9217
4107
5261
1251
7632
7667
6041
6665
9367
4427
797
3018
2088
544
4691
7797
726
1813
4887
4528
7564
3602
866
5631
2578
7142
6095
4450
9111
8781
3503
4456
3749
4384
6454
7353
8343
1261
5014
3854
1617
659
9099
1039
2044
7024
1090
2575
7838
8359
9819
3902
9731
4350
3692
9925
84
8519
913
1636
187
6482
7227
7908
1761
6754
4598
7643
9030
389
8393
7282
7135
4571
5457
3716
5156
6594
3578
5239
2170
3263
2407
2035
974
7589
2626
3156
5664
7336
8453
5773
718
698
5732
1827
738
5990
4073
5425
7922
4545
2997
9573
6943
2353
6084
4105
1379
517
5454
4824
2174
6470
4981
1847
315
927
9213
6440
623
9584
4226
9123
8376
7691
2234
2389
4800
5846
3255
8239
6731
7421
6037
4964
1416
3273
730
2920
1484
7945
5399
6567
6134
8404
8187
8140
4266
3648
999
8487
1802
448
9744
4281
8674
4406
1773
8767
7376
9552
5148
3416
9911
5393
4631
9696
6577
3097
7385
1015
5912
2100
451
6627
3511
1441
5025
6072
1529
7355
8800
5393
758
2111
3477
6855
2429
9875
9866
8650
3918
5093
6039
788
995
3308
9107
3049
9197
8969
6727
3197
7466
568
2355
4365
1347
7487
5612
3828
4253
5184
1337
7420
6999
5748
8184
6280
2298
9537
8790
7302
8225
3152
9514
4452
1968
6949
4888
6473
2918
5725
763
3038
9172
9844
4031
7942
3748
9624
2502
8219
70
2009
5635
4594
5002
8389
6518
8284
7418
7180
2580
1746
3865
4512
6273
3195
5849
262
1441
174
7352
4475
9439
6118
6303
4823
8240
5618
9232
6024
1660
3963
725
2644
56
5438
6790
8449
3301
470
9356
3024
918
7672
2605
4039
692
3642
2043
6092
8929
747
2947
1205
3081
4336
8463
5224
7243
186
4281
5584
8362
7284
6352
5746
1488
6733
3911
5215
3272
3789
3018
5607
167
7475
4844
9397
7277
8172
2792
8675
9931
4594
9065
356
1102
7967
2735
269
930
3976
1218
8111
8498
7189
6930
8263
6218
4573
9874
4923
3393
2398
5194
9609
2600
547
5584
3115
4317
9982
8188
6991
3536
4007
8858
3162
2507
7742
5978
73
6015
8115
2500
3960
7920
8035
7452
144
1796
2996
551
3441
3975
7689
9118
8962
4398
1200
3700
5024
6151
9909
5410
560
293
2404
4914
2888
9911
9855
4571
9626
8974
2623
5209
7474
7675
7653
6406
6568
6212
6927
8838
1750
2805
1594
3219
2058
5829
1967
2440
5472
6063
2952
1319
3899
4070
5085
3992
1172
7413
309
2628
2996
204
6394
9084
8029
4520
1143
1498
4379
9972
8520
4095
1090
5567
4501
3745
5540
4949
2112
2447
9584
1861
3080
8283
3281
1731
4648
7507
3792
1273
2707
2038
4788
9964
1489
9305
7957
3528
6575
2618
5683
5786
4730
4770
8904
9156
2084
1835
7415
5432
1340
562
1036
871
3950
7924
8650
7428
1304
4113
1031
2355
9850
4283
5751
7092
125
68
7721
165
1773
2020
9139
8808
3265
3209
4109
9274
2034
3886
3813
4994
2841
4900
6039
527
850
2189
4068
4800
80
1817
5575
9659
3940
8504
661
6721
56
7911
7336
5013
8862
8737
2035
7220
4932
2808
900
3440
5181
6107
1328
4061
2975
2851
8035
7423
3298
7322
7772
4154
7057
7595
793
7482
9848
3343
5884
7729
6445
8343
1407
5550
1348
2232
1779
6404
5522
6487
3716
3496
5909
8923
2246
1562
5770
2375
1127
165
3145
7834
5027
1519
7020
720
5230
8617
4917
9914
1578
3373
6287
5813
1558
8710
8974
3051
7001
371
3274
161
1046
6951
6999
8615
261
5390
1986
757
414
3407
2978
7943
6347
6177
1099
6785
5977
8720
1718
2356
4585
129
2355
7896
2045
338
6294
7032
7311
9784
8934
5086
9818
6675
3472
4961
7863
9987
2926
6916
4384
206
4206
4510
8450
8918
9113
2854
4610
599
8249
2744
3763
9398
6807
4754
7799
5866
8525
3746
7735
9382
1956
552
1526
3342
1622
2334
3909
5363
2704
6685
3401
1685
7749
7601
4540
7309
6711
518
6501
3965
1481
3793
3965
8985
662
8574
9937
3937
5288
6011
3890
3215
3241
3481
6110
5065
9217
3283
4201
6198
2592
1070
3598
3855
3625
664
7960
4985
3818
3068
9160
8732
8748
886
847
9064
6544
2715
9074
1729
866
9390
4326
1182
7099
286
3004
8762
1743
4286
2261
7305
1794
3212
8622
7907
6762
9415
6342
9151
2637
503
7127
5308
2414
1340
8170
2017
9444
4372
865
5769
1870
2942
4180
6519
258
7319
5911
1592
4392
182
3197
9965
3578
9417
5596
6258
4748
8643
2662
7386
3097
7765
7069
2127
1293
2391
8999
4934
8417
6955
5344
5002
8073
4405
1622
4089
8441
4136
877
8595
2039
1555
8255
4070
1981
4399
3236
8574
6016
8778
7380
4070
1013
3153
8474
1425
5824
2430
1108
2790
5833
8700
9356
1671
9473
638
9425
6875
7806
9457
3199
7139
4479
4425
8614
7266
2495
8205
2761
99
7475
6149
6436
2677
8495
4800
5536
5225
4383
6757
1073
823
8360
6308
9104
539
7058
223
3724
6554
4328
8112
8940
4146
5723
3838
3928
1764
9716
7824
1545
5825
6138
8010
1141
4138
8299
9347
818
3871
9964
1941
8875
4005
8253
5467
9971
5846
7478
4241
5376
174
8961
4723
1078
4273
4699
6810
3855
3095
1258
5790
7360
158
4972
2134
181
8095
9138
1353
5229
2025
2550
1626
582
9934
8090
7850
8902
2637
9673
1011
7644
7746
7136
9463
7222
2806
9704
9999
7501
591
7039
774
4852
19
5875
4539
5742
4930
4232
1283
3068
8287
464
8936
2115
5306
2314
998
4406
2893
8847
9393
5787
5338
5014
7965
9559
3766
5583
7706
7023
1845
5082
1437
2542
7668
8693
7644
503
1484
4976
5305
1593
5270
485
3406
356
9438
1802
6351
1618
8498
5476
8190
5653
4598
6788
9184
1400
9457
371
8651
9552
9065
9581
2958
6352
4650
6474
2495
6959
8014
9115
6040
2575
9273
7772
4512
2087
5660
505
6849
7075
917
7281
1023
8419
9762
3350
2456
6923
6097
8466
6118
4340
4348
8218
2799
7141
7692
6832
5489
7074
9741
4206
7444
2119
603
739
9829
6489
6954
5825
533
5249
5082
4926
9766
3429
569
6431
8050
2123
9315
1199
3992
6744
4890
3528
3001
8218
8190
5429
2490
4120
3802
7139
7206
6633
1954
4340
4520
8055
7772
7899
6256
3859
185
6468
359
8553
5556
4231
8190
8822
7831
905
5569
2148
4617
8380
6427
5741
2311
2989
7130
7083
6155
5396
3259
1327
7872
9053
3871
6252
5527
5770
3012
1524
6624
1728
3984
5624
2360
8370
9110
367
1233
9647
1791
3402
9269
7442
4596
2885
7278
1609
4036
1010
1926
2447
456
9544
7710
9362
6430
2283
9193
8593
6457
2382
1386
5587
3042
9559
5111
7917
7601
5204
3896
5593
8693
6586
1623
3675
6369
4279
9002
1848
2631
1232
9945
9886
118
3178
6425
2248
4159
8262
676
4777
3633
1039
3372
7495
2813
4510
2617
1036
9134
1989
3891
2876
1275
8146
326
3313
1162
2153
6803
4045
1364
3404
9385
9316
2411
664
750
4333
9086
6670
1507
3400
1475
158
722
8415
7190
6125
3224
9327
6811
869
9535
686
5257
4974
1316
8069
4513
8614
6837
4842
3262
4619
5107
2022
3722
6466
9474
2631
196
9275
3688
6010
5713
9319
1877
7554
1870
4058
2832
5640
4262
3783
813
4993
4683
1446
6987
4919
2623
4315
7380
1974
2427
3744
6946
3742
5098
4934
2271
5890
4466
7433
3801
7038
494
7290
701
3879
6559
3069
985
7977
7737
9384
5718
394
5627
4750
7043
9128
1530
2568
8212
7873
7691
8147
5859
6226
9088
7986
6161
1025
3726
6264
8541
4181
2302
6459
9174
3783
8015
65
8346
1654
1829
996
4751
2364
2571
3098
2830
6294
4784
7565
8630
3099
1114
9278
2220
3450
2022
8805
3877
2310
3585
9876
7480
687
6085
8726
1097
2077
6137
6234
2327
9456
4180
8556
6003
6909
5475
4966
373
3922
1122
9517
9562
7508
8765
4395
2558
990
1282
3858
6102
1001
7512
2733
434
5536
7194
7111
1075
5540
6090
7994
5141
4267
951
7480
5002
2564
8769
2133
4918
5822
8918
7199
7089
984
9547
4014
3146
3642
3349
9379
8284
2515
9352
9107
429
2906
1163
9627
7089
7888
675
5667
7017
2035
6547
9891
6065
9675
5601
3220
3627
4080
1638
4268
5490
6714
2690
5706
2274
6001
1925
6174
9696
2652
3310
6328
6647
4715
5457
2495
7415
446
1774
670
5267
5888
6982
2739
4002
6555
8295
6646
2926
8539
5955
9319
2345
7181
707
6180
72
8526
8029
9884
5467
7275
9638
7167
3894
8740
2939
687
9907
4683
6149
1971
1571
4381
3562
338
3315
6263
8718
6795
628
7391
8066
2937
6566
6992
1060
8517
5469
3550
5618
2372
5473
8063
4925
7743
6019
413
5030
3771
2640
1009
8311
1971
8979
847
1661
1986
2173
858
4837
6611
4379
8112
1742
344
8407
5678
5794
3407
2349
8456
2368
3185
6348
9340
7436
7849
4953
5805
161
4041
2079
90
5263
8838
744
9003
3408
4648
3240
1527
7184
5962
5182
4165
5628
2385
2598
3661
4635
2425
9353
2101
8356
595
5032
2505
5973
2391
7488
4052
1199
8019
6744
4164
2979
6406
4464
9188
9798
662
4819
2227
137
6236
2143
192
208
7355
7315
8764
5342
4683
1533
7355
3764
9500
258
3873
9544
6549
5019
7197
3607
9452
4484
8642
8575
2243
9427
643
16
1420
1168
3010
4019
2294
701
8310
2837
3121
1710
4690
18
3130
913
7711
8929
2304
4962
9795
8005
4495
3586
1082
9508
4202
3518
7817
2205
5763
8003
8892
1099
5056
4042
7178
3940
3287
1960
6874
8403
8484
9832
8882
163
7116
972
9709
1805
1576
1713
7319
6698
9051
1751
6354
237
4959
8049
5388
874
7049
6046
1508
14
8480
8821
8812
9102
5507
5019
7150
2184
4976
4026
2727
1534
9604
5240
5456
1049
5689
5969
3884
8672
4332
3487
3852
8180
4365
4680
1009
8434
9277
6915
8583
4687
6219
659
5604
6977
2513
2658
286
7901
2977
2917
209
7127
9681
706
2609
9936
4073
1110
1535
7945
3877
7160
880
9749
4985
9651
4385
5957
4863
1356
4011
7581
3050
8990
8769
8224
2072
5556
7265
8122
9837
9005
8332
8180
5602
850
166
6646
8372
7629
3291
7418
7757
2786
9842
7110
8219
6760
5944
477
780
3402
1678
7976
9929
358
6129
4642
1326
7111
9946
4840
7755
1181
4627
3966
7724
6280
5442
262
5592
1453
3025
5391
9639
3699
8649
8569
5214
4296
6698
8536
8433
5185
9309
786
3975
8023
5189
8072
6038
2812
4242
9460
6093
3447
9642
9651
3869
4450
154
6191
3097
2069
4895
3900
5000
3843
7729
5680
2078
7303
439
2479
8352
5992
2309
3221
5225
6069
6818
3246
9775
2222
3209
7149
3000
6143
8834
1622
3470
436
2540
1876
5754
6775
9331
7958
4133
4161
821
9098
9775
9342
7052
9734
1291
7036
4047
9425
8461
8372
8032
8655
9489
302
9636
2917
6544
5653
5615
4241
818
5687
712
2134
4785
6899
3902
4875
1261
1625
4671
3669
8959
8688
7627
7119
9515
75
57
5518
9616
5798
7674
5011
9694
2630
185
4243
9101
3181
2831
2367
1370
1520
198
9164
2570
4741
2049
3899
6685
3204
959
6065
2523
6155
2843
5664
9003
7881
7492
3527
9718
8853
9970
6172
3746
1913
3937
902
2427
5381
7375
5288
4008
7482
4383
2129
416
7133
5412
3837
8345
1916
5820
2488
27
1949
4856
1832
7747
8807
1644
8484
976
4619
3814
2916
7158
6819
5967
4326
4925
3988
3481
7605
8905
3133
8590
8620
3024
7734
586
4041
9598
6939
876
3549
8487
7439
1750
5796
3854
739
5087
8940
2507
3888
7988
9484
4401
1613
3335
1136
4117
1555
8652
5793
2266
1768
9713
7569
7130
6630
9872
6008
2134
3018
4704
1689
7174
7943
3649
9150
6744
4256
7216
4667
3232
9127
3219
4656
7964
6829
598
2208
7268
3271
8015
4737
6032
7504
9715
8831
7192
7498
7610
6455
5905
3672
3103
4224
4179
6528
5397
9713
3207
3470
8041
5309
7780
5172
323
7523
