4217
565
2082
3303
3453
359
3391
4789
1384
2857
2693
414
2958
2500
3952
4981
2729
1060
2521
3750
526
2521
4549
2451
3503
2802
3115
860
259
4605
3061
979
988
4054
3892
4282
2567
2668
4093
3529
1663
3771
424
169
92
4533
3573
3277
4653
3163
3158
4491
812
687
2308
4843
568
2472
642
306
2789
2277
2238
2915
2633
56
1306
1056
119
2923
747
3647
4761
206
4935
3159
4397
1839
1628
916
1066
1197
487
324
3837
460
1929
957
2895
1095
3479
3737
4806
320
3858
2049
1414
4702
3151
536
935
1869
4136
4331
2536
1369
3097
3938
4919
3088
538
3238
453
2291
839
1052
4433
1169
1757
2018
39
2924
3593
4733
1607
564
982
303
3609
4008
2166
1781
2172
1961
4022
1164
3395
356
519
3625
3423
3768
434
2194
4375
4148
630
4437
805
3537
1778
2009
4680
336
1927
3871
4288
415
2388
362
772
10
4597
3702
2260
3966
2546
3511
3007
1332
2311
946
2217
1038
3918
574
3798
3887
844
205
2121
928
4678
2694
4511
1847
450
298
2778
1007
2193
1190
2927
2236
4889
2883
1782
721
1410
2742
3450
1414
3399
1137
4180
1472
1347
4639
2826
4845
3629
3440
1542
2666
4072
3760
4156
2814
3523
1090
2121
1887
1543
2145
1079
4741
1572
1181
4705
1522
2991
3957
1274
4622
3832
2586
1450
4142
3384
3516
2668
4712
2718
1927
4694
344
2415
2411
1975
1794
4652
4897
3978
12
2437
2278
4063
4516
1839
3899
1768
1245
2741
4786
1695
925
4530
1877
4905
2619
2034
2110
4386
2885
3342
2193
168
3088
4636
4777
2343
521
2474
4266
4381
2395
3117
115
4984
4057
1378
4353
551
1759
3816
3154
2310
2035
2158
4423
1406
1487
4467
48
1965
2013
3449
1308
4818
4737
11
1401
901
1618
1656
887
3358
4445
2881
964
1312
3565
2044
4571
3011
1157
606
2068
3142
1215
64
4244
1004
2582
4631
4319
4650
1756
454
2518
253
3557
2875
4349
1736
2235
3347
3520
5
3492
2793
2063
2992
3098
2606
3089
187
3928
2470
2352
1410
1645
2024
1675
2334
4156
1605
3410
2998
3678
2335
2766
582
111
844
985
4758
2191
4321
2054
1128
3509
798
407
4914
3564
3529
2953
217
4407
4616
4537
2839
2412
2547
672
2443
4992
3488
2174
2475
2986
4148
4702
2278
1659
686
3625
1095
3799
4415
1814
4803
1006
2987
4509
4075
577
743
4728
808
3300
3347
1798
3227
4056
821
2033
2699
1627
1479
3728
3329
1774
4476
4613
2700
892
519
2443
2087
509
1399
4090
2063
637
3288
3081
3035
1096
346
3746
99
3725
2259
4235
1407
1671
3180
4739
624
389
1519
734
1578
2878
2446
869
3759
338
2332
20
1665
1109
1092
4645
2998
93
148
936
4461
2672
2980
2771
3336
1218
702
406
2437
1126
755
1511
426
2778
201
1542
1846
3599
3990
1599
4277
3906
3064
2369
4666
2621
2599
2759
180
119
207
4375
1722
1700
1611
206
826
3246
4018
2179
3534
4930
533
1256
1298
4169
809
3085
1
4155
1542
2758
3311
5
3778
1834
2945
495
2988
4375
2555
453
289
2957
2471
2151
1231
2104
2827
769
3594
2345
3207
4523
2338
612
632
2893
4195
3561
138
1361
1925
940
3175
2343
1311
4815
1958
4660
3222
1386
1490
2023
1493
2243
4314
2221
3391
1673
2183
3451
1797
1722
568
2079
2610
3520
222
3434
84
1444
3671
2272
1691
1315
2296
4796
2757
2883
1869
3232
2005
2344
4576
4307
144
950
2950
1062
3914
3629
4012
4913
2307
4559
3109
1962
3881
2389
4699
4366
3687
647
2404
4144
4286
1696
1794
4694
2811
213
4417
3762
509
1089
1862
4930
1275
2892
1182
4565
3369
4462
418
3696
1402
1710
4525
4062
3045
4547
1370
466
88
4036
1512
3285
4803
2227
4916
2873
1434
1102
3673
2450
4369
3371
2335
4339
2355
3287
3166
1618
4554
2646
4116
1507
4247
1870
1689
4130
778
438
4427
1344
2877
685
3110
607
2432
1696
4965
3589
1186
4164
3115
2896
2171
1588
1651
2062
4744
3970
2422
1371
2010
4090
525
4472
4619
2581
4735
4142
864
1549
2949
954
319
3646
1284
1220
2249
216
24
4606
1645
4435
2752
3078
2462
4943
1585
192
2633
3924
2136
4789
3272
1067
4379
1392
1512
2174
2858
2678
4245
2153
4493
3166
1325
1509
1188
3294
2366
4534
2613
662
3940
3923
401
915
3074
3086
3138
467
287
3879
3255
4643
4457
4526
943
317
3196
1129
1808
1511
4317
1626
460
4362
3553
1296
121
2822
4500
3303
424
2984
2869
1401
535
2621
4856
3049
2042
4576
4385
2451
4225
539
2492
1895
4984
3745
4224
3000
178
48
3542
4667
2
4519
2525
2044
1968
3098
4456
4249
2873
4079
1727
1179
1467
1119
2662
2572
3873
2373
1911
3265
4928
3106
3276
585
1603
2040
1964
1732
53
174
4876
830
3648
1124
222
198
1549
4968
1572
3767
198
1080
2431
1940
138
692
1007
1976
3929
3005
3187
118
923
44
3959
2012
3481
4440
725
2604
314
318
838
4662
855
4679
2989
3600
1421
194
1916
2793
14
1288
3221
330
4262
961
2683
1491
2740
4842
2666
639
788
1804
4813
2938
1438
2211
1065
3065
195
3003
4093
2049
346
1736
1550
1535
709
3626
2685
3617
1041
164
4775
3848
3215
1661
1255
2457
3589
509
4419
4956
654
1185
3402
808
689
112
1946
3563
2446
3864
2262
3814
796
2106
1978
332
4944
1944
2204
969
2541
667
544
1629
873
151
4437
1607
1241
4600
1100
1645
3287
2297
4824
1668
1212
4557
3169
2480
4826
526
3615
102
2682
711
2746
4715
3083
4220
1102
2519
2210
2396
2323
3679
415
3919
2073
4333
2802
842
2823
2169
3476
1148
1660
3800
4160
1344
2997
2996
658
3308
2096
607
1550
3633
1103
1549
1808
1044
423
3234
3840
1412
379
476
2860
273
1723
2558
297
4054
2268
2721
330
3679
3752
1085
4365
4519
2892
1963
3455
3066
3757
3791
4113
4156
4448
2878
2094
4572
1242
64
4631
1802
2518
4816
1151
4961
1132
1142
2519
4405
2215
3878
2850
802
4630
2434
3841
139
4719
548
1853
2499
3108
4067
2673
2268
2278
2482
4870
3466
1488
4177
3982
763
2910
2859
3143
3286
338
1390
4488
3816
3185
4647
812
672
2206
1954
3626
4817
3727
2007
3892
4089
2489
4656
3586
662
138
2040
3409
3287
3297
2223
505
3863
4772
353
1534
4011
479
2050
3962
3954
750
2834
1459
3147
2211
478
430
2937
837
3033
2122
2922
3620
2742
1254
1560
4086
2130
209
2855
2519
4466
899
4969
4653
1022
1935
626
681
4091
4258
860
3220
3133
1935
4398
1772
864
4607
3127
3335
408
1943
2369
420
1117
3114
2772
336
4938
1518
2883
3658
1462
1567
3309
2957
4295
3461
4133
2935
2015
2469
1077
3542
930
665
1943
3621
2909
1768
3095
3802
155
790
4935
2816
2325
4011
3773
192
1709
3122
2017
978
2706
4329
4751
2041
4487
1771
1250
4662
1378
4211
1743
2705
2486
1588
834
2078
3691
4874
88
3744
375
939
1808
3015
4834
3062
2875
2376
115
3211
560
670
38
1451
2603
4551
4082
1347
1074
1653
1288
503
2395
4326
3929
4201
2143
524
2014
1508
4138
1577
210
1188
4822
2005
2977
4505
4010
4449
2530
2890
2023
2634
581
1849
4498
4870
4374
1996
4597
3449
1612
2461
968
437
3408
385
1991
3718
1969
534
295
1085
4317
4579
2232
752
751
4586
2462
623
2695
116
1794
446
869
1650
2957
3834
4033
4411
103
2775
2766
4927
1799
1220
1093
3407
454
2108
2423
3118
3555
2979
1586
2910
4858
3023
4704
2847
3382
4675
870
4802
1675
1460
3642
4379
1038
4521
3199
128
1162
1953
1185
1138
3312
4396
2905
2681
2230
2151
1198
2196
4459
3029
4992
3250
300
4677
2875
1868
4447
1013
2291
4479
1144
2512
4460
4040
4142
49
463
3795
1388
4284
2187
2109
4397
2639
2779
271
2026
2431
3808
3889
924
2571
4961
818
2046
2049
3469
1701
3734
3709
3658
1067
4970
430
3418
2399
4111
3640
789
73
208
559
1877
4755
2092
1201
4521
4738
3962
1588
597
4448
311
4372
2352
3913
3704
2265
1639
2533
3388
1456
4219
1979
3937
3429
4821
4765
4533
2672
402
2861
1109
4346
1607
1802
775
681
1483
3945
4232
3349
10
1476
4966
1337
1489
3093
2951
4216
1101
4705
2529
999
1565
1641
3274
234
3103
1140
3350
660
1987
638
3796
1579
3256
3872
751
346
3650
1571
95
4020
664
2241
2037
4632
3882
209
1993
808
581
269
1692
3900
4339
4306
214
2994
3460
1966
31
985
4414
4595
4657
288
302
2860
4989
4994
2567
171
3152
349
905
1938
4861
4407
1708
83
4115
685
3689
4303
1479
1309
3898
2625
2486
1721
4706
3265
4269
220
2766
2368
645
2350
534
20
4956
1968
1196
1806
2296
4265
3422
4565
4613
4573
3115
4787
3419
4311
4265
4280
252
1218
2430
2685
194
3798
469
4975
17
328
4623
2525
2411
4404
4767
1702
1574
1705
3211
1367
2324
253
532
389
1861
3712
2259
4606
3025
1250
1558
4555
369
1376
744
4440
3899
853
1640
4207
2994
3470
2833
1563
599
841
656
850
4395
3444
2829
3413
1743
865
309
788
255
3936
4732
2650
2241
1714
1616
1785
4639
3472
4068
2218
3568
1928
858
2704
27
3723
4897
1252
2663
2527
2168
132
1797
721
3277
4027
1836
1660
1215
916
4657
2450
2618
350
526
3629
2292
884
4580
4062
4164
838
937
628
4728
3752
1652
3336
2021
2116
3571
2193
432
1826
1021
2048
4389
1859
355
1596
2161
3545
2409
4581
4741
225
2635
2749
840
325
4453
2367
3102
2093
3351
4460
4522
1043
4927
890
464
972
1793
12
3688
2305
246
972
643
2149
2177
4166
4676
296
4643
1450
1141
1000
2335
262
3236
4475
4531
3133
4761
1753
576
2357
2510
1114
2933
2203
462
3797
49
3229
2200
555
2627
139
3079
4362
100
715
2944
465
1671
4552
2376
4514
1804
4177
4258
3622
351
4518
3516
4366
959
2415
4572
1465
910
3370
388
1335
1862
551
2275
2007
212
608
4716
2764
1147
2431
2226
2350
2095
1522
4402
2762
98
1745
3347
4647
4916
1910
4828
3504
2336
4883
2309
3008
1070
2659
1453
2862
3998
4560
1915
4624
3234
2357
3365
1560
3340
3754
3375
4849
572
559
3787
2378
1985
3331
2600
602
3447
2097
1478
4786
1004
3014
4135
1654
4477
907
2968
3447
757
2475
149
1813
4453
3785
4849
4965
1332
1682
601
2231
907
2514
3968
91
3141
2547
1951
3692
3524
2159
3467
134
2686
638
3444
3169
4694
3853
4412
2466
817
3648
3554
384
3006
438
3635
572
3436
4989
4561
576
3134
878
4539
1110
2648
402
4124
4890
662
4775
2443
1727
2639
495
4482
833
4441
3201
1888
597
2122
4149
1400
3290
3786
873
378
164
1620
318
4731
744
2279
815
1561
3901
1937
2546
3283
2744
1574
2963
2527
2528
404
3632
2081
312
101
3890
2518
4421
4311
3935
470
63
1960
328
4840
1626
4865
2074
3077
4754
44
4779
3786
4291
516
4534
2823
1354
1099
2654
3426
3205
848
1
2325
1499
3757
4086
4250
2199
1103
835
2830
227
204
4010
110
1640
100
158
4423
4884
2264
4306
3976
1313
3009
2846
4451
4325
1625
1667
877
4754
2941
11
959
969
1925
3346
4843
1316
5000
3263
2809
3829
2874
4452
4991
2849
2905
841
823
3138
3212
2545
1959
144
1268
4235
1162
512
1474
3986
3934
4378
2900
3993
2307
2469
4577
3968
4522
3265
4165
4707
2992
1894
2800
3741
1036
233
2777
3360
999
1854
4332
3707
4191
767
1727
953
1546
4426
2818
3030
1440
1363
1648
3448
1825
3065
410
1395
4059
920
3869
593
512
3120
4991
62
2508
1062
4515
652
3262
1626
1733
2892
3886
299
3675
2573
447
213
3238
3150
2489
540
3497
4946
1601
4313
123
536
4733
1214
2243
4828
1205
1262
2955
1872
3596
4974
1854
2320
827
1615
996
4541
4261
927
3931
4500
3870
10
2461
920
3064
4990
4421
3838
311
147
3776
4260
444
1481
3020
2789
1786
2494
4385
2500
1462
4486
3149
682
4219
1402
4527
3635
4804
4650
2969
2217
2368
4379
4611
2807
1216
142
3431
2699
4923
3656
3867
3877
3169
1886
3803
4261
1018
230
3205
3190
1225
4031
4308
3377
2709
1484
4737
1594
4868
4649
4640
3321
429
211
3597
1327
1537
2693
3362
876
1881
1328
2546
3890
4390
1651
797
3412
4542
4398
739
2922
3461
277
3673
3743
3418
2419
1862
4568
3590
4614
4610
3331
687
3505
816
4277
1309
1496
207
3827
2383
1995
3138
1762
2393
3274
4482
4643
1375
2650
1905
2398
234
2173
1547
3994
1909
1677
4675
4924
4754
702
1278
2277
3438
4184
4531
2288
2760
4228
4166
759
2151
2421
3555
3839
841
3099
1380
2615
250
3426
1062
4855
2145
1399
2324
2230
1087
2759
472
278
3762
3480
4714
2041
3797
767
1286
4055
4629
1117
116
2487
2319
3234
4507
4490
3046
3547
3420
4975
2093
4254
2136
2720
4369
2792
4489
793
2013
4712
2460
3641
4975
1973
729
1513
4185
3981
759
296
598
2285
3584
199
3595
4045
4474
4596
516
752
4259
835
4266
123
2365
3514
2201
1808
552
3579
4392
1437
3375
1342
2826
299
1604
2683
1387
3324
1434
4843
2200
276
4346
1683
217
2140
4408
1128
958
4652
391
28
1072
3350
1806
4928
1413
3817
4071
1327
2425
186
1220
351
2547
2959
230
627
1698
1569
1541
2802
4392
1556
3930
4848
2651
4321
677
4950
4665
1870
4424
4740
3793
4220
1115
483
4324
2661
4112
3042
3083
2638
2166
3397
1535
535
4365
2432
1585
4218
2873
1812
4268
3490
136
3873
4630
4223
3317
2484
4957
4702
4846
1096
2754
4595
4434
4995
2176
887
376
2362
3113
1231
439
600
4384
3025
2298
1515
4855
4290
343
1078
882
3664
3049
3647
3539
1373
4437
4452
2095
1441
660
2241
3540
3671
1033
4521
1986
234
4538
3058
2246
1114
3517
1331
857
2101
837
1749
4444
3522
457
2737
2369
543
3058
2174
4890
1941
1415
4029
1104
2253
4080
1410
4502
2918
4134
3143
4619
2917
943
4218
4368
4756
1287
4162
3223
4368
3133
284
4913
2487
1751
3983
1260
3725
2923
2599
1552
1910
3797
3858
1772
1818
1744
1417
4404
1534
4418
4648
1062
3244
1918
3950
826
3183
3987
201
4522
2494
3650
3812
1215
149
2722
1736
727
3632
4284
4433
2937
2237
2556
1866
3791
2171
4411
2619
3066
4947
4481
543
4058
3267
4215
3036
4910
3250
3116
4481
1489
4880
1973
3210
4020
1396
4234
2948
3292
552
2159
1834
63
4507
1828
1793
3043
4472
1949
3297
102
2335
4865
3431
4176
563
2900
4831
2470
3622
3737
3615
3483
567
4611
1215
951
1429
1125
4821
2406
4907
4199
3207
949
2451
2295
3243
2335
2415
3597
3492
4300
1352
219
3054
3449
2691
743
1918
2880
4555
2270
1867
678
4388
1301
1526
1251
2327
1236
769
2923
2526
4347
2269
2629
908
3468
2236
3562
215
591
1593
1600
377
4871
1164
4832
3995
4278
4975
507
3756
1144
1173
2020
4939
3000
1000
2607
330
1338
2989
2014
4044
3831
3933
4939
2955
4287
132
1788
1240
3033
3333
3039
545
1551
1541
43
4585
1964
2883
1350
2418
1594
1364
3074
4566
2199
4910
1315
38
2168
2146
2113
3095
3386
3488
1262
2373
573
792
3329
3879
301
1505
4545
1966
356
3505
550
3816
1958
4079
1856
3829
4871
4916
3745
2124
1918
4133
1664
2745
554
3772
1321
4540
748
4320
2879
2669
3087
3138
2814
3202
710
4289
4925
1853
2451
3150
892
1558
630
4598
3048
21
2885
2775
662
4261
196
795
3429
2911
1827
3240
1175
836
4450
2562
402
1309
2815
2911
3717
717
2442
906
1786
4068
1370
2887
1852
3185
3204
3664
274
3436
2153
670
3882
4431
3237
1632
1525
4867
799
3801
505
3697
2604
2220
2742
2259
3824
3118
2558
4521
4311
210
2715
4722
1066
4262
4417
3520
4927
4632
1887
1587
718
3335
4847
3110
1255
4341
4225
948
316
1533
4755
2258
4894
3124
4127
4
4020
3454
608
1764
2534
576
827
3482
2798
2965
1975
4895
1853
4989
4009
3203
1645
3571
4238
3180
3163
35
1328
325
2385
2393
606
1156
4457
2234
4681
2574
1053
1847
1148
4719
852
1887
1187
4638
2156
4438
4555
3308
3871
2334
4991
1485
1116
2483
2385
404
2028
640
2559
717
665
3982
75
3446
4431
2945
4989
3575
1949
495
1643
4009
1614
3311
3343
2694
4579
4436
4083
272
4568
892
775
385
4776
4959
1108
3122
615
3293
168
4384
3433
2538
1380
803
1203
1089
19
705
2372
2851
4654
4953
2072
901
2611
3390
634
1416
4184
1994
2833
2280
1594
3
765
459
3985
3852
1065
1817
1135
3546
4945
4534
1865
2091
3580
2787
4597
1252
4460
2129
3884
154
1185
4260
1061
643
4874
3289
844
2939
4735
4673
4518
1964
3291
883
2138
4594
3057
4978
3886
2806
2268
1047
841
3358
4331
636
4108
4492
4413
4284
1946
498
1757
3776
4939
2159
119
1630
1427
304
2884
2612
3245
4316
2885
2350
4998
4110
2822
3096
3308
1619
795
2147
4804
2997
4200
3202
381
1574
2324
835
1381
3696
4541
3759
3955
3265
1729
3558
390
1880
1978
2938
1980
3520
2314
1319
249
3173
3306
1884
4113
3242
3641
1304
4492
3473
250
3810
4785
4398
3263
3739
4315
1211
2858
3618
3223
3832
4596
1966
1812
2936
1085
190
3154
1619
337
1128
103
4198
1633
1555
3114
703
2431
2227
1321
3777
2270
376
4981
2771
4416
2306
4380
4493
963
243
931
2567
3510
3469
1411
4218
84
1900
856
3608
3515
1624
985
3159
58
193
602
4316
3744
478
2345
2837
1477
2125
1125
3457
277
4265
3984
1230
1694
1835
2175
4435
40
4561
4685
981
2005
4510
1807
3058
4935
3979
3380
1809
697
772
3112
3100
1588
4500
76
1006
1717
2361
1386
4278
2297
3658
109
1004
3848
2742
2438
459
1442
2183
4405
2469
1685
257
543
1279
3659
71
1541
3052
714
1754
1526
4710
4653
2711
2572
4850
656
2000
1728
243
3413
78
4750
4433
4102
1282
2394
2183
3684
4595
4633
1972
2795
4371
4569
871
4390
2281
3892
2672
2329
2166
2852
1046
2443
3399
1471
4287
855
1137
2502
3856
1583
79
4015
1831
4118
524
1507
4672
4109
2839
4126
3663
3306
773
2239
1253
3397
109
3695
356
2309
3727
4054
2361
1247
589
778
654
1963
2233
3803
928
3226
40
3493
4558
807
2659
4389
3344
2241
156
1075
2974
3546
1211
2552
1919
2757
4686
3940
150
1364
4939
3657
4096
871
1914
4551
421
3052
3583
3382
3052
3919
2230
1230
2856
3251
4097
259
3739
4737
1675
2367
228
1884
218
2347
4728
1833
4549
4916
2041
4875
1457
3636
3718
2685
69
1518
3425
3294
1776
2265
4309
3675
2643
3264
696
2587
4846
3596
3014
1915
4408
35
4058
4253
3909
770
451
2646
2140
4381
333
1857
910
1344
4606
891
1037
3616
2574
1087
3623
1181
886
426
2067
3891
1535
2878
4827
1982
3756
509
4282
3199
3671
1029
3669
159
367
4405
3023
2220
3097
2844
2529
4496
3030
2934
2487
4689
2513
1589
2226
4615
755
452
4630
1560
2351
1948
4711
1917
85
1043
2762
1517
2857
1294
3782
1454
4399
4450
2123
1277
1164
60
4039
2783
4631
974
963
3261
2888
4053
1966
1011
660
987
1931
1495
2952
3366
3209
1557
3317
4034
4122
2989
3890
3594
678
4953
609
2799
4042
287
3337
1047
1168
1555
1161
1807
3980
1008
3594
4817
3243
1930
2421
3341
3328
3237
4103
4430
176
2957
4823
1855
1215
1918
4247
3137
643
4847
2319
3369
4640
4560
1899
1934
2655
1645
1606
2655
2588
2011
3866
2162
3241
4631
1019
2729
2544
2987
4154
3187
3255
333
2588
1417
4748
3619
2849
1832
1356
4641
2684
1846
1564
425
4671
3141
2780
701
1486
917
2584
351
671
4031
4549
2635
620
4898
738
3750
4166
4594
3567
140
772
1706
4592
4829
1918
1999
562
4275
2370
4837
3600
539
1880
1229
1959
739
1784
3149
4546
84
3565
1289
3427
1991
3245
2898
896
2004
4425
2023
3673
1216
3906
1357
1134
2137
3450
383
3544
3706
3548
3662
547
4171
2062
489
3603
573
2088
4889
4605
2331
4813
1726
2887
570
4752
4893
2360
1518
475
1578
4828
4878
2844
4898
250
1039
3111
3209
4180
498
2082
4911
1237
967
4356
2102
3139
1107
2672
1759
2440
4305
2926
1352
1958
2896
3542
3176
975
2647
2001
3232
718
4412
3249
1358
270
1789
545
3487
772
2405
295
3456
644
369
3218
1814
4715
3991
2826
3231
2131
507
3577
3562
4980
178
545
2512
4675
648
3305
22
3324
2117
3821
1133
2771
2041
4415
3567
206
4929
476
4977
222
3550
4514
2667
258
2491
2511
2315
4073
4359
1995
3292
3750
3964
137
318
3399
840
4073
3005
3566
872
3049
875
4398
1890
958
424
1770
541
4166
3834
3818
2513
1471
3657
2937
2956
3265
4337
1332
1950
4367
187
4659
2954
3939
2061
4545
1384
3878
4160
1754
3170
1513
2322
2559
604
3264
231
4637
3368
3022
50
3403
4903
1871
4453
505
4543
2762
4573
3827
1483
2178
4321
2998
413
3672
2502
4867
4825
4310
651
2906
649
2331
2464
3836
2576
2804
34
1866
4569
2400
3142
2849
4404
3476
4345
3166
3024
283
2524
871
1913
221
3319
3880
3508
1591
356
4856
322
1795
1222
4069
67
1055
843
2698
917
773
4163
1983
1371
1691
1680
4634
3206
2665
2211
2061
1241
1550
2050
1942
1542
1913
1360
3742
4492
2846
4734
715
2030
2895
4182
4038
719
1522
3681
175
1044
2995
847
613
598
1554
2546
3292
3314
1034
1051
2955
178
1777
1559
2992
1115
1423
4693
2291
3636
1079
2909
1763
1578
3049
2248
3814
1926
4146
1880
896
2588
48
597
3394
4274
2795
3354
1342
3130
2162
4665
4937
1953
3626
1530
2725
1165
1299
1922
4801
2572
686
3776
3433
4888
3988
2617
1707
3667
4671
1680
4079
1360
2647
4368
497
231
1223
277
1017
3102
1648
3069
4496
4633
4275
1473
4535
3828
4774
2159
1635
3547
2241
1647
2158
4024
187
2693
108
2251
4062
879
2137
575
3260
3177
2151
947
1630
902
1903
2862
1058
557
4158
2158
1343
2324
2038
248
3605
1550
3061
4111
3702
655
3834
2344
4266
214
1671
1523
3701
1495
1159
4127
2697
2375
507
4642
2729
4944
1530
4338
3685
475
2969
664
2618
3757
954
2700
714
2557
4724
2923
4997
784
1246
1659
2979
662
3981
4774
3858
481
2820
4805
965
2730
3946
3303
1892
3523
2127
1603
407
2087
3447
1313
4076
2904
4814
3575
4076
3491
3267
4926
3485
2711
3308
2889
3432
4779
3158
2389
652
1970
546
1406
1801
697
2244
3784
535
951
114
16
3328
4985
1240
1267
2864
3240
3931
293
2319
1669
3577
3439
2062
4004
3136
1975
4934
3471
2920
942
2127
3459
819
1541
3206
2050
1142
3261
4083
751
1263
3967
1070
3080
986
3708
4309
90
4829
4586
934
4570
1800
3049
4824
3413
730
469
3614
4062
3486
1790
816
1182
1597
1793
1286
2192
2856
3841
4000
1468
3648
2268
2473
4502
2196
4197
2686
1593
3922
1685
3464
1874
1030
4529
573
2181
3405
4888
202
192
2878
3403
2993
4978
3514
503
2297
47
4860
1522
2944
4838
745
805
106
2489
29
1604
3510
1563
13
1325
1832
1438
2724
3909
3540
922
3178
3693
3041
1190
1206
4741
739
3300
4532
1725
49
1254
2240
3991
3180
1843
4227
4384
3518
3811
2817
1021
4804
2432
4947
3460
1127
2035
215
4706
4118
4184
361
553
4896
3755
1882
1429
3605
4980
2076
3998
4836
1420
3044
4610
1977
4749
1456
1044
4003
998
2940
3017
4483
3943
2849
1254
3101
2001
2086
535
3996
2832
3714
2458
2274
2487
2134
4278
4068
373
4286
931
2538
3620
864
1196
2382
115
4977
3621
4791
277
4792
1390
1802
4162
2206
3920
2119
4059
1420
1963
1160
3107
4414
4564
4382
4115
1986
2331
2441
467
4597
1634
3553
1866
3340
1691
2135
795
1177
4873
3046
4351
2041
152
2716
1819
1064
3901
3313
1297
3226
3439
3351
328
4372
2622
2155
3335
4458
4866
4763
509
373
71
3033
829
1395
1758
372
625
556
2473
1146
3589
4256
3791
314
18
4218
2609
671
3385
1063
935
4233
4401
1244
1117
3567
3103
3516
4083
3355
3969
4138
1800
2488
2330
1
1116
3647
3587
4456
390
1916
53
935
4001
595
1390
3412
4385
4139
4435
4872
3097
3377
4611
1819
1009
2588
1576
3009
4797
1518
754
1514
4236
3194
3039
3186
2135
2416
3826
4988
2863
4774
3999
3816
4473
2173
1025
2043
416
762
3709
3843
2964
2236
2944
661
4398
2634
325
2177
1828
687
3274
1693
2319
1447
4766
2413
1283
2208
638
4167
3083
4126
2984
2543
4163
2643
614
3857
4209
2808
1533
1034
539
841
462
2532
762
2851
3096
2067
2999
4571
3483
2967
1968
4947
3881
3354
1374
352
3095
2744
2062
709
621
3735
4694
66
1006
337
3050
2004
1678
2211
4862
1618
2723
2458
1600
4638
1465
2169
1836
2649
4880
2828
2839
3973
1748
1419
4350
1469
1873
2056
4135
3548
344
1401
4010
2903
2394
1538
2676
424
85
1719
1766
2916
3343
791
1476
3836
2998
514
3612
1694
77
3880
553
1585
361
1207
2011
521
894
2065
4030
3575
1685
3720
3634
3582
4012
2453
4419
3327
2809
1075
441
2456
1667
1651
2212
1369
1528
2902
2052
66
1360
3462
3396
524
3509
3502
2963
1251
239
4811
969
4845
3341
800
4732
4817
4848
2415
4811
2497
4745
2071
4504
649
1508
85
802
2632
3974
2678
1731
929
4847
3844
862
3654
3834
2337
3292
2403
3021
2124
972
3344
1872
2289
4672
3122
4307
4007
543
3329
4926
1516
4778
1733
423
4852
143
563
3145
4558
307
340
4156
4165
3737
4376
2800
4754
1421
1480
333
1809
3615
3086
1898
1286
1206
1953
3475
2674
4568
204
2166
1828
1129
884
916
3218
4121
2132
3894
2573
974
2971
3818
380
377
4195
2658
4124
4821
2824
3431
2964
2681
2131
4707
461
2502
635
1738
732
3690
2440
1307
2292
2406
1803
4225
339
4872
319
3820
2334
2874
250
1328
3732
4822
3997
4526
1163
83
4362
859
982
2385
709
3024
1204
1470
755
2487
4120
1123
2386
2436
4949
312
1008
3433
697
628
4457
3153
4770
2462
2611
3719
631
279
2400
679
2365
3959
488
2946
1109
993
461
2218
3458
792
1810
3229
1964
3312
608
1787
4487
4888
1515
4600
2566
1053
360
2691
1307
703
2608
493
4588
2484
212
70
947
903
1692
2831
1266
3610
4497
2489
1603
1504
1554
2191
3053
3804
4
104
3637
4341
4434
1090
4396
3035
3899
1714
2349
1687
3371
3605
3284
4336
723
1321
1203
1345
3145
597
4703
4513
3007
2416
3774
4930
4324
1313
3075
2974
3058
2324
2345
201
2933
1641
1448
3239
861
4816
2632
2794
4084
2900
3525
4405
1762
1345
671
206
466
2570
1783
223
1231
2523
249
51
4110
4157
4869
709
851
3777
3067
1810
2411
2819
2335
4700
1049
3970
3420
1465
1852
1534
2940
2727
3188
4745
4149
2305
2178
3888
1025
4911
1482
3895
3693
1653
4114
2550
3306
4223
1556
3450
4650
4327
1426
4603
2030
4179
3292
363
1993
283
1514
2017
2843
4896
2074
2461
396
1422
2839
1940
3012
4993
3152
4400
1500
587
55
4472
799
3312
3307
4234
1170
4618
2224
4260
1375
2632
3538
4142
4677
1030
1226
4674
2757
3000
4870
3416
2702
4989
3821
3602
1541
3142
145
4991
4113
4068
3700
2196
4118
2574
4669
425
4983
2533
2287
2116
4458
2576
443
3838
2242
2289
1321
4960
2516
1459
2359
1336
2338
2786
4830
4907
854
4310
1748
4156
1411
4017
3658
2152
4988
2747
2234
3558
1155
4441
1419
2920
3138
1891
2398
2062
185
2610
148
3148
2681
1106
1997
3434
3544
2627
10
625
3592
3142
1686
4400
2884
3758
1234
3376
1424
2609
20
1713
4323
2580
2231
3593
3975
4554
1643
326
4410
4353
2099
1470
1913
4372
3012
2978
2169
1287
1463
2819
4764
634
4869
3605
1745
4196
2335
2036
337
2520
4145
2607
2527
4308
555
988
3750
3450
1608
4165
720
1522
4712
3931
2081
1346
3290
4922
3464
4463
2462
556
3918
2286
388
3530
1027
2318
2326
2883
838
1871
1907
2432
4614
3423
1222
3148
3283
2498
4607
90
4299
4021
1360
2325
2734
1158
999
1043
519
118
3920
1604
4788
457
26
3900
2948
39
3676
976
1090
2266
1836
387
3555
3141
2080
562
3785
1676
4859
2823
311
3698
3025
910
4224
2855
370
2003
3201
4889
3868
1275
667
9
